{
  "camera_model": "OPENCV",
  "orientation_override": "none",
  "frames": [
    {
      "fl_x": 803.7125498103317,
      "fl_y": 803.7125498103317,
      "cx": 367.34228515625,
      "cy": 504.6827392578125,
      "h": 994,
      "w": 738,
      "file_path": "./images/frame_00001.jpg",
      "depth_file_path": "./depth/frame_00001.png",
      "transform_matrix": [
        [
          0.6094014644622803,
          -0.02941892296075821,
          0.7923158407211304,
          -0.19213776290416718
        ],
        [
          0.7926130890846252,
          -0.0024225804954767227,
          -0.6097201108932495,
          0.02248721569776535
        ],
        [
          0.019856756553053856,
          0.9995642304420471,
          0.02184149995446205,
          -0.03826788067817688
        ],
        [
          0.0,
          0.0,
          0.0,
          1.0
        ]
      ]
    },
    {
      "fl_x": 804.3688244049116,
      "fl_y": 804.3688244049116,
      "cx": 367.3646240234375,
      "cy": 504.5228271484375,
      "h": 994,
      "w": 738,
      "file_path": "./images/frame_00002.jpg",
      "depth_file_path": "./depth/frame_00002.png",
      "transform_matrix": [
        [
          0.4298253059387207,
          -0.12130209058523178,
          0.8947267532348633,
          -0.11326739937067032
        ],
        [
          0.9026220440864563,
          0.03261156380176544,
          -0.42919686436653137,
          0.0644625574350357
        ],
        [
          0.02288403920829296,
          0.9920797944068909,
          0.12350720912218094,
          -0.11390823870897293
        ],
        [
          0.0,
          0.0,
          0.0,
          1.0
        ]
      ]
    },
    {
      "fl_x": 804.3592334981491,
      "fl_y": 804.3592334981491,
      "cx": 367.5016784667969,
      "cy": 504.62457275390625,
      "h": 994,
      "w": 738,
      "file_path": "./images/frame_00003.jpg",
      "depth_file_path": "./depth/frame_00003.png",
      "transform_matrix": [
        [
          0.1958926022052765,
          -0.13075922429561615,
          0.9718683362007141,
          -0.09675737470388412
        ],
        [
          0.9802349209785461,
          -0.0018530057277530432,
          -0.19782830774784088,
          0.0469510555267334
        ],
        [
          0.027668753638863564,
          0.9914124011993408,
          0.1278117597103119,
          -0.10540805011987686
        ],
        [
          0.0,
          0.0,
          0.0,
          1.0
        ]
      ]
    },
    {
      "fl_x": 804.6467163467104,
      "fl_y": 804.6467163467104,
      "cx": 367.3231506347656,
      "cy": 504.57208251953125,
      "h": 994,
      "w": 738,
      "file_path": "./images/frame_00004.jpg",
      "depth_file_path": "./depth/frame_00004.png",
      "transform_matrix": [
        [
          -0.07067544013261795,
          -0.13225992023944855,
          0.9886922240257263,
          -0.15004393458366394
        ],
        [
          0.9971686005592346,
          -0.03489178791642189,
          0.06661379337310791,
          -0.09838642925024033
        ],
        [
          0.025686904788017273,
          0.9906007647514343,
          0.1343514323234558,
          -0.1025586798787117
        ],
        [
          0.0,
          0.0,
          0.0,
          1.0
        ]
      ]
    },
    {
      "fl_x": 804.6682806147815,
      "fl_y": 804.6682806147815,
      "cx": 367.2237854003906,
      "cy": 504.57696533203125,
      "h": 994,
      "w": 738,
      "file_path": "./images/frame_00005.jpg",
      "depth_file_path": "./depth/frame_00005.png",
      "transform_matrix": [
        [
          -0.1129823625087738,
          -0.13296370208263397,
          0.9846601486206055,
          -0.1666896790266037
        ],
        [
          0.9932966232299805,
          -0.039480917155742645,
          0.10864201933145523,
          -0.08356320112943649
        ],
        [
          0.024429840967059135,
          0.9903342723846436,
          0.13653303682804108,
          -0.10153989493846893
        ],
        [
          0.0,
          0.0,
          0.0,
          1.0
        ]
      ]
    },
    {
      "fl_x": 804.3833023979224,
      "fl_y": 804.3833023979224,
      "cx": 367.204345703125,
      "cy": 504.6312255859375,
      "h": 994,
      "w": 738,
      "file_path": "./images/frame_00006.jpg",
      "depth_file_path": "./depth/frame_00006.png",
      "transform_matrix": [
        [
          -0.3185632824897766,
          -0.12398166209459305,
          0.9397584795951843,
          -0.2438502013683319
        ],
        [
          0.9476144909858704,
          -0.06605204194784164,
          0.3125121593475342,
          0.03950706496834755
        ],
        [
          0.023327188566327095,
          0.9900836944580078,
          0.13852857053279877,
          -0.08690210431814194
        ],
        [
          0.0,
          0.0,
          0.0,
          1.0
        ]
      ]
    },
    {
      "fl_x": 804.399979579745,
      "fl_y": 804.399979579745,
      "cx": 367.57501220703125,
      "cy": 504.62042236328125,
      "h": 994,
      "w": 738,
      "file_path": "./images/frame_00007.jpg",
      "depth_file_path": "./depth/frame_00007.png",
      "transform_matrix": [
        [
          -0.5165259838104248,
          -0.11215490847826004,
          0.8488947153091431,
          -0.3195827603340149
        ],
        [
          0.8558900356292725,
          -0.09721456468105316,
          0.5079385638237,
          0.0331672802567482
        ],
        [
          0.025557128712534904,
          0.988923966884613,
          0.14620612561702728,
          -0.05999834090471268
        ],
        [
          0.0,
          0.0,
          0.0,
          1.0
        ]
      ]
    },
    {
      "fl_x": 804.6707241579055,
      "fl_y": 804.6707241579055,
      "cx": 367.25067138671875,
      "cy": 504.4847412109375,
      "h": 994,
      "w": 738,
      "file_path": "./images/frame_00008.jpg",
      "depth_file_path": "./depth/frame_00008.png",
      "transform_matrix": [
        [
          -0.6968252658843994,
          -0.09059638530015945,
          0.7114961743354797,
          -0.4802963137626648
        ],
        [
          0.7169576287269592,
          -0.11586079001426697,
          0.6874212622642517,
          -0.024927986785769463
        ],
        [
          0.020156627520918846,
          0.98912513256073,
          0.1456884890794754,
          -0.04808027669787407
        ],
        [
          0.0,
          0.0,
          0.0,
          1.0
        ]
      ]
    },
    {
      "fl_x": 804.9893621813004,
      "fl_y": 804.9893621813004,
      "cx": 367.21337890625,
      "cy": 504.448486328125,
      "h": 994,
      "w": 738,
      "file_path": "./images/frame_00009.jpg",
      "depth_file_path": "./depth/frame_00009.png",
      "transform_matrix": [
        [
          -0.8344968557357788,
          -0.06646115332841873,
          0.546989917755127,
          -0.5443024635314941
        ],
        [
          0.5507194995880127,
          -0.13298317790031433,
          0.8240288496017456,
          0.018654141575098038
        ],
        [
          0.017974549904465675,
          0.9888874292373657,
          0.1475754976272583,
          -0.05696401372551918
        ],
        [
          0.0,
          0.0,
          0.0,
          1.0
        ]
      ]
    },
    {
      "fl_x": 805.2983482093543,
      "fl_y": 805.2983482093543,
      "cx": 367.47021484375,
      "cy": 504.5234375,
      "h": 994,
      "w": 738,
      "file_path": "./images/frame_00010.jpg",
      "depth_file_path": "./depth/frame_00010.png",
      "transform_matrix": [
        [
          -0.9392966032028198,
          -0.035648394376039505,
          0.3412492275238037,
          -0.5609732866287231
        ],
        [
          0.34270837903022766,
          -0.1453579068183899,
          0.9281282424926758,
          0.04925980046391487
        ],
        [
          0.016516990959644318,
          0.9887366890907288,
          0.14875119924545288,
          -0.06053448095917702
        ],
        [
          0.0,
          0.0,
          0.0,
          1.0
        ]
      ]
    },
    {
      "fl_x": 806.2231071047052,
      "fl_y": 806.2231071047052,
      "cx": 367.48760986328125,
      "cy": 504.61480712890625,
      "h": 994,
      "w": 738,
      "file_path": "./images/frame_00011.jpg",
      "depth_file_path": "./depth/frame_00011.png",
      "transform_matrix": [
        [
          -0.9928036332130432,
          0.0006506217177957296,
          0.11975190043449402,
          -0.5471097230911255
        ],
        [
          0.11839550733566284,
          -0.14484472572803497,
          0.9823454022407532,
          0.05975012108683586
        ],
        [
          0.01798456721007824,
          0.9894542098045349,
          0.14372533559799194,
          -0.06359322369098663
        ],
        [
          0.0,
          0.0,
          0.0,
          1.0
        ]
      ]
    },
    {
      "fl_x": 806.8291668880829,
      "fl_y": 806.8291668880829,
      "cx": 367.37860107421875,
      "cy": 504.61114501953125,
      "h": 994,
      "w": 738,
      "file_path": "./images/frame_00012.jpg",
      "depth_file_path": "./depth/frame_00012.png",
      "transform_matrix": [
        [
          -0.9907375574111938,
          0.004195926245301962,
          -0.13572582602500916,
          -0.43955403566360474
        ],
        [
          -0.13388435542583466,
          0.13670971989631653,
          0.9815220236778259,
          0.1381085216999054
        ],
        [
          0.022673433646559715,
          0.9906022548675537,
          -0.13488169014453888,
          0.16964809596538544
        ],
        [
          0.0,
          0.0,
          0.0,
          1.0
        ]
      ]
    },
    {
      "fl_x": 806.4986165919578,
      "fl_y": 806.4986165919578,
      "cx": 367.4344177246094,
      "cy": 504.57855224609375,
      "h": 994,
      "w": 738,
      "file_path": "./images/frame_00013.jpg",
      "depth_file_path": "./depth/frame_00013.png",
      "transform_matrix": [
        [
          -0.999043345451355,
          0.0268887709826231,
          0.03448725864291191,
          -0.6338528990745544
        ],
        [
          0.03950483351945877,
          0.21670223772525787,
          0.975438117980957,
          0.10858307033777237
        ],
        [
          0.01875486597418785,
          0.9758673906326294,
          -0.2175571769475937,
          0.11323844641447067
        ],
        [
          0.0,
          0.0,
          0.0,
          1.0
        ]
      ]
    },
    {
      "fl_x": 806.5320931327593,
      "fl_y": 806.5320931327593,
      "cx": 367.4288330078125,
      "cy": 504.5145263671875,
      "h": 994,
      "w": 738,
      "file_path": "./images/frame_00014.jpg",
      "depth_file_path": "./depth/frame_00014.png",
      "transform_matrix": [
        [
          -0.9888103604316711,
          -0.005370555445551872,
          -0.14908115565776825,
          -0.6873000860214233
        ],
        [
          -0.14839474856853485,
          0.13767509162425995,
          0.9792979955673218,
          0.10642596334218979
        ],
        [
          0.01526538748294115,
          0.9904628992080688,
          -0.13693152368068695,
          0.04779929667711258
        ],
        [
          0.0,
          0.0,
          0.0,
          1.0
        ]
      ]
    },
    {
      "fl_x": 806.5081464101421,
      "fl_y": 806.5081464101421,
      "cx": 367.3872985839844,
      "cy": 504.5977783203125,
      "h": 994,
      "w": 738,
      "file_path": "./images/frame_00015.jpg",
      "depth_file_path": "./depth/frame_00015.png",
      "transform_matrix": [
        [
          -0.9782935380935669,
          0.011195764876902103,
          -0.20692138373851776,
          -0.7190576195716858
        ],
        [
          -0.20674334466457367,
          0.015242998488247395,
          0.9782764911651611,
          -0.0053153191693127155
        ],
        [
          0.01410665549337864,
          0.999821126461029,
          -0.012597477063536644,
          0.012989429756999016
        ],
        [
          0.0,
          0.0,
          0.0,
          1.0
        ]
      ]
    },
    {
      "fl_x": 807.1046763753357,
      "fl_y": 807.1046763753357,
      "cx": 367.4529113769531,
      "cy": 504.71435546875,
      "h": 994,
      "w": 738,
      "file_path": "./images/frame_00016.jpg",
      "depth_file_path": "./depth/frame_00016.png",
      "transform_matrix": [
        [
          -0.9433196783065796,
          0.030817469581961632,
          -0.330451637506485,
          -0.7469177842140198
        ],
        [
          -0.3314271867275238,
          -0.03516104072332382,
          0.9428253769874573,
          -0.22122980654239655
        ],
        [
          0.017436468973755836,
          0.9989063739776611,
          0.04338184744119644,
          0.06629277765750885
        ],
        [
          0.0,
          0.0,
          0.0,
          1.0
        ]
      ]
    },
    {
      "fl_x": 807.3946027670211,
      "fl_y": 807.3946027670211,
      "cx": 367.2872009277344,
      "cy": 504.66259765625,
      "h": 994,
      "w": 738,
      "file_path": "./images/frame_00017.jpg",
      "depth_file_path": "./depth/frame_00017.png",
      "transform_matrix": [
        [
          -0.8944699168205261,
          0.03274915739893913,
          -0.4459272027015686,
          -0.8089845776557922
        ],
        [
          -0.44697442650794983,
          -0.03934209421277046,
          0.8936811685562134,
          -0.29287174344062805
        ],
        [
          0.01172359474003315,
          0.9986889958381653,
          0.04982835426926613,
          0.09954796731472015
        ],
        [
          0.0,
          0.0,
          0.0,
          1.0
        ]
      ]
    },
    {
      "fl_x": 807.7490997857633,
      "fl_y": 807.7490997857633,
      "cx": 367.2420349121094,
      "cy": 504.59136962890625,
      "h": 994,
      "w": 738,
      "file_path": "./images/frame_00018.jpg",
      "depth_file_path": "./depth/frame_00018.png",
      "transform_matrix": [
        [
          -0.8360373973846436,
          0.0363541878759861,
          -0.5474667549133301,
          -0.8858927488327026
        ],
        [
          -0.5485965609550476,
          -0.03879426047205925,
          0.8351867198944092,
          -0.3445737063884735
        ],
        [
          0.009123967960476875,
          0.9985857009887695,
          0.052377235144376755,
          0.12273302674293518
        ],
        [
          0.0,
          0.0,
          0.0,
          1.0
        ]
      ]
    },
    {
      "fl_x": 807.7467173312173,
      "fl_y": 807.7467173312173,
      "cx": 367.4160461425781,
      "cy": 504.60198974609375,
      "h": 994,
      "w": 738,
      "file_path": "./images/frame_00019.jpg",
      "depth_file_path": "./depth/frame_00019.png",
      "transform_matrix": [
        [
          -0.7461814880371094,
          0.03802154213190079,
          -0.6646559834480286,
          -0.9572965502738953
        ],
        [
          -0.665726363658905,
          -0.03564654663205147,
          0.7453440427780151,
          -0.40068742632865906
        ],
        [
          0.0046464381739497185,
          0.9986408948898315,
          0.05191073566675186,
          0.1496107429265976
        ],
        [
          0.0,
          0.0,
          0.0,
          1.0
        ]
      ]
    },
    {
      "fl_x": 807.7563082379797,
      "fl_y": 807.7563082379797,
      "cx": 367.6097106933594,
      "cy": 504.56549072265625,
      "h": 994,
      "w": 738,
      "file_path": "./images/frame_00020.jpg",
      "depth_file_path": "./depth/frame_00020.png",
      "transform_matrix": [
        [
          -0.6413902640342712,
          0.0364830456674099,
          -0.7663468718528748,
          -1.0439653396606445
        ],
        [
          -0.7672147750854492,
          -0.030824089422822,
          0.6406491994857788,
          -0.45968422293663025
        ],
        [
          -0.0002491113555151969,
          0.9988588094711304,
          0.047760602086782455,
          0.17931659519672394
        ],
        [
          0.0,
          0.0,
          0.0,
          1.0
        ]
      ]
    },
    {
      "fl_x": 807.722709520022,
      "fl_y": 807.722709520022,
      "cx": 367.4097595214844,
      "cy": 504.52679443359375,
      "h": 994,
      "w": 738,
      "file_path": "./images/frame_00021.jpg",
      "depth_file_path": "./depth/frame_00021.png",
      "transform_matrix": [
        [
          -0.5545849800109863,
          0.02849160134792328,
          -0.8316391706466675,
          -1.1512174606323242
        ],
        [
          -0.8321171998977661,
          -0.023859277367591858,
          0.5540863275527954,
          -0.5017839670181274
        ],
        [
          -0.004055503290146589,
          0.999309241771698,
          0.03694034740328789,
          0.18652883172035217
        ],
        [
          0.0,
          0.0,
          0.0,
          1.0
        ]
      ]
    },
    {
      "fl_x": 807.4256357646983,
      "fl_y": 807.4256357646983,
      "cx": 367.5225830078125,
      "cy": 504.69610595703125,
      "h": 994,
      "w": 738,
      "file_path": "./images/frame_00022.jpg",
      "depth_file_path": "./depth/frame_00022.png",
      "transform_matrix": [
        [
          -0.432876855134964,
          0.004685021471232176,
          -0.9014408588409424,
          -1.2805087566375732
        ],
        [
          -0.9014353156089783,
          -0.008524092845618725,
          0.432829886674881,
          -0.513065755367279
        ],
        [
          -0.005656148307025433,
          0.9999526739120483,
          0.007913125678896904,
          0.2261500209569931
        ],
        [
          0.0,
          0.0,
          0.0,
          1.0
        ]
      ]
    },
    {
      "fl_x": 806.4914692283195,
      "fl_y": 806.4914692283195,
      "cx": 367.4234619140625,
      "cy": 504.57110595703125,
      "h": 994,
      "w": 738,
      "file_path": "./images/frame_00023.jpg",
      "depth_file_path": "./depth/frame_00023.png",
      "transform_matrix": [
        [
          -0.28432998061180115,
          -0.11170065402984619,
          -0.9521971344947815,
          -1.542099118232727
        ],
        [
          -0.958699643611908,
          0.025698978453874588,
          0.28325697779655457,
          -0.48751577734947205
        ],
        [
          -0.007169494871050119,
          0.9934095740318298,
          -0.11439436674118042,
          0.285580575466156
        ],
        [
          0.0,
          0.0,
          0.0,
          1.0
        ]
      ]
    },
    {
      "fl_x": 806.5129724078124,
      "fl_y": 806.5129724078124,
      "cx": 367.55145263671875,
      "cy": 504.5718994140625,
      "h": 994,
      "w": 738,
      "file_path": "./images/frame_00024.jpg",
      "depth_file_path": "./depth/frame_00024.png",
      "transform_matrix": [
        [
          -0.012243261560797691,
          -0.1504266858100891,
          -0.9885453581809998,
          -1.5735819339752197
        ],
        [
          -0.9998960494995117,
          0.009368826635181904,
          0.010958189144730568,
          -0.5370470881462097
        ],
        [
          0.007613106165081263,
          0.9885767698287964,
          -0.1505257487297058,
          0.2088446170091629
        ],
        [
          0.0,
          0.0,
          0.0,
          1.0
        ]
      ]
    },
    {
      "fl_x": 807.4280793078226,
      "fl_y": 807.4280793078226,
      "cx": 367.43060302734375,
      "cy": 504.56658935546875,
      "h": 994,
      "w": 738,
      "file_path": "./images/frame_00025.jpg",
      "depth_file_path": "./depth/frame_00025.png",
      "transform_matrix": [
        [
          -0.18915824592113495,
          0.12455404549837112,
          -0.9740151166915894,
          -1.4289131164550781
        ],
        [
          -0.9817408919334412,
          -0.003685268573462963,
          0.19018736481666565,
          -0.493831992149353
        ],
        [
          0.020099099725484848,
          0.9922059774398804,
          0.12297689914703369,
          -0.15165232121944427
        ],
        [
          0.0,
          0.0,
          0.0,
          1.0
        ]
      ]
    },
    {
      "fl_x": 808.0389650888707,
      "fl_y": 808.0389650888707,
      "cx": 367.4854736328125,
      "cy": 504.518310546875,
      "h": 994,
      "w": 738,
      "file_path": "./images/frame_00026.jpg",
      "depth_file_path": "./depth/frame_00026.png",
      "transform_matrix": [
        [
          -0.31651005148887634,
          0.11992570012807846,
          -0.9409778118133545,
          -1.1368803977966309
        ],
        [
          -0.9483963251113892,
          -0.020006319507956505,
          0.316455602645874,
          -0.43094298243522644
        ],
        [
          0.01912565715610981,
          0.9925812482833862,
          0.12006929516792297,
          -0.15576575696468353
        ],
        [
          0.0,
          0.0,
          0.0,
          1.0
        ]
      ]
    },
    {
      "fl_x": 808.6905969515149,
      "fl_y": 808.6905969515149,
      "cx": 367.6754150390625,
      "cy": 504.46710205078125,
      "h": 994,
      "w": 738,
      "file_path": "./images/frame_00027.jpg",
      "depth_file_path": "./depth/frame_00027.png",
      "transform_matrix": [
        [
          -0.40263059735298157,
          0.12559489905834198,
          -0.9067053198814392,
          -0.9805256128311157
        ],
        [
          -0.9153103232383728,
          -0.04465698450803757,
          0.4002659320831299,
          -0.3018464148044586
        ],
        [
          0.00978063140064478,
          0.9910759925842285,
          0.13293856382369995,
          -0.1298852562904358
        ],
        [
          0.0,
          0.0,
          0.0,
          1.0
        ]
      ]
    },
    {
      "fl_x": 808.9780798000759,
      "fl_y": 808.9780798000759,
      "cx": 367.1455993652344,
      "cy": 504.560546875,
      "h": 994,
      "w": 738,
      "file_path": "./images/frame_00028.jpg",
      "depth_file_path": "./depth/frame_00028.png",
      "transform_matrix": [
        [
          -0.4848407208919525,
          0.13006067276000977,
          -0.8648778796195984,
          -0.8537570238113403
        ],
        [
          -0.874477207660675,
          -0.05535370856523514,
          0.48189789056777954,
          -0.23694157600402832
        ],
        [
          0.014801769517362118,
          0.989959716796875,
          0.14057283103466034,
          -0.10657435655593872
        ],
        [
          0.0,
          0.0,
          0.0,
          1.0
        ]
      ]
    },
    {
      "fl_x": 809.6225032105035,
      "fl_y": 809.6225032105035,
      "cx": 367.2395935058594,
      "cy": 504.4002685546875,
      "h": 994,
      "w": 738,
      "file_path": "./images/frame_00029.jpg",
      "depth_file_path": "./depth/frame_00029.png",
      "transform_matrix": [
        [
          -0.6078521609306335,
          0.12374159693717957,
          -0.784349262714386,
          -0.7610944509506226
        ],
        [
          -0.7938987612724304,
          -0.07541724294424057,
          0.6033547520637512,
          -0.20401889085769653
        ],
        [
          0.015506621450185776,
          0.9894444346427917,
          0.14408083260059357,
          -0.12479330599308014
        ],
        [
          0.0,
          0.0,
          0.0,
          1.0
        ]
      ]
    },
    {
      "fl_x": 809.6225032105035,
      "fl_y": 809.6225032105035,
      "cx": 367.47332763671875,
      "cy": 504.475341796875,
      "h": 994,
      "w": 738,
      "file_path": "./images/frame_00030.jpg",
      "depth_file_path": "./depth/frame_00030.png",
      "transform_matrix": [
        [
          -0.7100001573562622,
          0.10857447981834412,
          -0.6957811117172241,
          -0.7180922031402588
        ],
        [
          -0.7040289044380188,
          -0.08756871521472931,
          0.70475172996521,
          -0.13472039997577667
        ],
        [
          0.01558939553797245,
          0.9902238845825195,
          0.13861337304115295,
          -0.1368986815214157
        ],
        [
          0.0,
          0.0,
          0.0,
          1.0
        ]
      ]
    },
    {
      "fl_x": 809.3397852710345,
      "fl_y": 809.3397852710345,
      "cx": 367.506103515625,
      "cy": 504.4805908203125,
      "h": 994,
      "w": 738,
      "file_path": "./images/frame_00031.jpg",
      "depth_file_path": "./depth/frame_00031.png",
      "transform_matrix": [
        [
          -0.8047025799751282,
          0.09155170619487762,
          -0.5865765810012817,
          -0.6839752793312073
        ],
        [
          -0.5935074687004089,
          -0.10036555677652359,
          0.7985459566116333,
          -0.05860746279358864
        ],
        [
          0.014236163347959518,
          0.990729570388794,
          0.1351010501384735,
          -0.15170247852802277
        ],
        [
          0.0,
          0.0,
          0.0,
          1.0
        ]
      ]
    },
    {
      "fl_x": 809.0284167884344,
      "fl_y": 809.0284167884344,
      "cx": 367.3848876953125,
      "cy": 504.52728271484375,
      "h": 994,
      "w": 738,
      "file_path": "./images/frame_00032.jpg",
      "depth_file_path": "./depth/frame_00032.png",
      "transform_matrix": [
        [
          -0.8963773250579834,
          0.06914356350898743,
          -0.4378662407398224,
          -0.6720803380012512
        ],
        [
          -0.4431350529193878,
          -0.1134948581457138,
          0.8892413973808289,
          0.0068775261752307415
        ],
        [
          0.011789746582508087,
          0.9911296963691711,
          0.13237415254116058,
          -0.15778987109661102
        ],
        [
          0.0,
          0.0,
          0.0,
          1.0
        ]
      ]
    },
    {
      "fl_x": 808.0293741821082,
      "fl_y": 808.0293741821082,
      "cx": 367.30841064453125,
      "cy": 504.49432373046875,
      "h": 994,
      "w": 738,
      "file_path": "./images/frame_00033.jpg",
      "depth_file_path": "./depth/frame_00033.png",
      "transform_matrix": [
        [
          -0.9703006744384766,
          0.039698272943496704,
          -0.2386224865913391,
          -0.6481874585151672
        ],
        [
          -0.24176637828350067,
          -0.12610149383544922,
          0.9621057510375977,
          0.08614671230316162
        ],
        [
          0.008103283122181892,
          0.9912226796150208,
          0.13195407390594482,
          -0.18083547055721283
        ],
        [
          0.0,
          0.0,
          0.0,
          1.0
        ]
      ]
    },
    {
      "fl_x": 807.7778725060506,
      "fl_y": 807.7778725060506,
      "cx": 367.3117980957031,
      "cy": 504.4974365234375,
      "h": 994,
      "w": 738,
      "file_path": "./images/frame_00034.jpg",
      "depth_file_path": "./depth/frame_00034.png",
      "transform_matrix": [
        [
          -0.9767764210700989,
          0.034854304045438766,
          -0.21140727400779724,
          -0.6490148901939392
        ],
        [
          -0.21415723860263824,
          -0.12808509171009064,
          0.9683650732040405,
          0.10446110367774963
        ],
        [
          0.006673568394035101,
          0.9911505579948425,
          0.13257479667663574,
          -0.18894734978675842
        ],
        [
          0.0,
          0.0,
          0.0,
          1.0
        ]
      ]
    },
    {
      "fl_x": 806.805281254044,
      "fl_y": 806.805281254044,
      "cx": 367.3085632324219,
      "cy": 504.4444580078125,
      "h": 994,
      "w": 738,
      "file_path": "./images/frame_00035.jpg",
      "depth_file_path": "./depth/frame_00035.png",
      "transform_matrix": [
        [
          -0.9927958250045776,
          0.0249948687851429,
          -0.11718254536390305,
          -0.6726760268211365
        ],
        [
          -0.11960572749376297,
          -0.14846640825271606,
          0.981657862663269,
          0.21623510122299194
        ],
        [
          0.007138737011700869,
          0.9886015057563782,
          0.15038636326789856,
          -0.24949200451374054
        ],
        [
          0.0,
          0.0,
          0.0,
          1.0
        ]
      ]
    },
    {
      "fl_x": 806.7956292587033,
      "fl_y": 806.7956292587033,
      "cx": 367.4768981933594,
      "cy": 504.5284423828125,
      "h": 994,
      "w": 738,
      "file_path": "./images/frame_00036.jpg",
      "depth_file_path": "./depth/frame_00036.png",
      "transform_matrix": [
        [
          -0.999160647392273,
          -0.0025932914577424526,
          0.04088107496500015,
          -0.5895786881446838
        ],
        [
          0.04054976999759674,
          -0.20405574142932892,
          0.9781190752983093,
          0.40339139103889465
        ],
        [
          0.005805470515042543,
          0.9789558053016663,
          0.203989639878273,
          -0.3332800567150116
        ],
        [
          0.0,
          0.0,
          0.0,
          1.0
        ]
      ]
    },
    {
      "fl_x": 806.7764474451785,
      "fl_y": 806.7764474451785,
      "cx": 367.38494873046875,
      "cy": 504.54083251953125,
      "h": 994,
      "w": 738,
      "file_path": "./images/frame_00037.jpg",
      "depth_file_path": "./depth/frame_00037.png",
      "transform_matrix": [
        [
          -0.9983296990394592,
          -0.007016404066234827,
          0.057346541434526443,
          -0.5863522887229919
        ],
        [
          0.05751551687717438,
          -0.2145211547613144,
          0.975024402141571,
          0.4140108823776245
        ],
        [
          0.005460881162434816,
          0.9766941666603088,
          0.2145663946866989,
          -0.34321799874305725
        ],
        [
          0.0,
          0.0,
          0.0,
          1.0
        ]
      ]
    },
    {
      "fl_x": 807.789784778781,
      "fl_y": 807.789784778781,
      "cx": 367.4258728027344,
      "cy": 504.1741943359375,
      "h": 994,
      "w": 738,
      "file_path": "./images/frame_00038.jpg",
      "depth_file_path": "./depth/frame_00038.png",
      "transform_matrix": [
        [
          -0.9996276497840881,
          0.019357355311512947,
          0.01923033781349659,
          -0.45712271332740784
        ],
        [
          0.0117780901491642,
          -0.3296175003051758,
          0.9440410733222961,
          0.10409718751907349
        ],
        [
          0.024612795561552048,
          0.9439160823822021,
          0.3292667865753174,
          -0.4124186933040619
        ],
        [
          0.0,
          0.0,
          0.0,
          1.0
        ]
      ]
    },
    {
      "fl_x": 809.3158385484174,
      "fl_y": 809.3158385484174,
      "cx": 367.1914367675781,
      "cy": 504.1234130859375,
      "h": 994,
      "w": 738,
      "file_path": "./images/frame_00039.jpg",
      "depth_file_path": "./depth/frame_00039.png",
      "transform_matrix": [
        [
          -0.9990659952163696,
          0.012968296185135841,
          0.04121817275881767,
          -0.4322015643119812
        ],
        [
          0.03354623541235924,
          -0.36846181750297546,
          0.9290374517440796,
          0.14782965183258057
        ],
        [
          0.027235355228185654,
          0.929552435874939,
          0.36768263578414917,
          -0.6022655367851257
        ],
        [
          0.0,
          0.0,
          0.0,
          1.0
        ]
      ]
    },
    {
      "fl_x": 809.9674704110615,
      "fl_y": 809.9674704110615,
      "cx": 367.1666564941406,
      "cy": 504.3631591796875,
      "h": 994,
      "w": 738,
      "file_path": "./images/frame_00040.jpg",
      "depth_file_path": "./depth/frame_00040.png",
      "transform_matrix": [
        [
          -0.9916062951087952,
          -0.013138582929968834,
          0.1286245882511139,
          -0.5013939738273621
        ],
        [
          0.1258014738559723,
          -0.32770153880119324,
          0.9363683462142944,
          0.2647979259490967
        ],
        [
          0.029847925528883934,
          0.944689929485321,
          0.3266037702560425,
          -0.7042376399040222
        ],
        [
          0.0,
          0.0,
          0.0,
          1.0
        ]
      ]
    },
    {
      "fl_x": 809.3206034575096,
      "fl_y": 809.3206034575096,
      "cx": 367.1899719238281,
      "cy": 504.3037109375,
      "h": 994,
      "w": 738,
      "file_path": "./images/frame_00041.jpg",
      "depth_file_path": "./depth/frame_00041.png",
      "transform_matrix": [
        [
          -0.9608504176139832,
          -0.06311026215553284,
          0.2697843909263611,
          -0.6375235319137573
        ],
        [
          0.2756168246269226,
          -0.3172329068183899,
          0.9074131846427917,
          0.31412264704704285
        ],
        [
          0.02831740491092205,
          0.9462454319000244,
          0.32220762968063354,
          -0.7070176601409912
        ],
        [
          0.0,
          0.0,
          0.0,
          1.0
        ]
      ]
    },
    {
      "fl_x": 807.7969932309975,
      "fl_y": 807.7969932309975,
      "cx": 367.3577880859375,
      "cy": 504.3121337890625,
      "h": 994,
      "w": 738,
      "file_path": "./images/frame_00042.jpg",
      "depth_file_path": "./depth/frame_00042.png",
      "transform_matrix": [
        [
          -0.8656636476516724,
          -0.14186923205852509,
          0.4801037013530731,
          -0.7942131161689758
        ],
        [
          0.5001844763755798,
          -0.2853696346282959,
          0.8175449371337891,
          0.40074434876441956
        ],
        [
          0.021022558212280273,
          0.9478593468666077,
          0.3179948925971985,
          -0.6677706837654114
        ],
        [
          0.0,
          0.0,
          0.0,
          1.0
        ]
      ]
    },
    {
      "fl_x": 806.8268455221149,
      "fl_y": 806.8268455221149,
      "cx": 367.4558410644531,
      "cy": 504.2984619140625,
      "h": 994,
      "w": 738,
      "file_path": "./images/frame_00043.jpg",
      "depth_file_path": "./depth/frame_00043.png",
      "transform_matrix": [
        [
          -0.6844039559364319,
          -0.21661630272865295,
          0.6961814165115356,
          -0.8700084090232849
        ],
        [
          0.7288872599601746,
          -0.22650492191314697,
          0.6460796594619751,
          0.44642403721809387
        ],
        [
          0.017737137153744698,
          0.9496172070503235,
          0.31290972232818604,
          -0.6675146818161011
        ],
        [
          0.0,
          0.0,
          0.0,
          1.0
        ]
      ]
    },
    {
      "fl_x": 806.8364364288774,
      "fl_y": 806.8364364288774,
      "cx": 367.1603088378906,
      "cy": 504.388916015625,
      "h": 994,
      "w": 738,
      "file_path": "./images/frame_00044.jpg",
      "depth_file_path": "./depth/frame_00044.png",
      "transform_matrix": [
        [
          -0.504636287689209,
          -0.2605884373188019,
          0.823064923286438,
          -0.8132817149162292
        ],
        [
          0.8631587028503418,
          -0.17139163613319397,
          0.47495463490486145,
          0.4364303946495056
        ],
        [
          0.017298750579357147,
          0.9501150250434875,
          0.31141963601112366,
          -0.6886498928070068
        ],
        [
          0.0,
          0.0,
          0.0,
          1.0
        ]
      ]
    },
    {
      "fl_x": 806.8219584358666,
      "fl_y": 806.8219584358666,
      "cx": 367.4206237792969,
      "cy": 504.34619140625,
      "h": 994,
      "w": 738,
      "file_path": "./images/frame_00045.jpg",
      "depth_file_path": "./depth/frame_00045.png",
      "transform_matrix": [
        [
          -0.14958488941192627,
          -0.304766982793808,
          0.940606951713562,
          -0.7897897958755493
        ],
        [
          0.9886966943740845,
          -0.05588190630078316,
          0.1391262412071228,
          0.7624492645263672
        ],
        [
          0.01016182079911232,
          0.9507861733436584,
          0.3096812069416046,
          -0.663158655166626
        ],
        [
          0.0,
          0.0,
          0.0,
          1.0
        ]
      ]
    },
    {
      "fl_x": 806.8147499836501,
      "fl_y": 806.8147499836501,
      "cx": 367.4727478027344,
      "cy": 504.42364501953125,
      "h": 994,
      "w": 738,
      "file_path": "./images/frame_00046.jpg",
      "depth_file_path": "./depth/frame_00046.png",
      "transform_matrix": [
        [
          0.11427444219589233,
          -0.3118334412574768,
          0.9432397484779358,
          -0.8135106563568115
        ],
        [
          0.993394136428833,
          0.025871681049466133,
          -0.11179756373167038,
          0.8045334219932556
        ],
        [
          0.010459021665155888,
          0.9497844576835632,
          0.31273001432418823,
          -0.5994493961334229
        ],
        [
          0.0,
          0.0,
          0.0,
          1.0
        ]
      ]
    },
    {
      "fl_x": 806.2326980114675,
      "fl_y": 806.2326980114675,
      "cx": 367.4332275390625,
      "cy": 504.409912109375,
      "h": 994,
      "w": 738,
      "file_path": "./images/frame_00047.jpg",
      "depth_file_path": "./depth/frame_00047.png",
      "transform_matrix": [
        [
          -0.0007123983232304454,
          -0.2926454544067383,
          0.9562207460403442,
          -0.576245903968811
        ],
        [
          0.9997400045394897,
          -0.022001389414072037,
          -0.005988568998873234,
          0.5429491400718689
        ],
        [
          0.022790713235735893,
          0.9559678435325623,
          0.2925850450992584,
          -0.5736171007156372
        ],
        [
          0.0,
          0.0,
          0.0,
          1.0
        ]
      ]
    },
    {
      "fl_x": 807.1597171842081,
      "fl_y": 807.1597171842081,
      "cx": 367.2849426269531,
      "cy": 504.44598388671875,
      "h": 994,
      "w": 738,
      "file_path": "./images/frame_00048.jpg",
      "depth_file_path": "./depth/frame_00048.png",
      "transform_matrix": [
        [
          -0.32365846633911133,
          -0.2698806822299957,
          0.906868040561676,
          -0.4951309859752655
        ],
        [
          0.9454516172409058,
          -0.12969280779361725,
          0.2988327145576477,
          0.3815499544143677
        ],
        [
          0.036965083330869675,
          0.9541195631027222,
          0.2971353232860565,
          -0.37432366609573364
        ],
        [
          0.0,
          0.0,
          0.0,
          1.0
        ]
      ]
    },
    {
      "fl_x": 806.2326980114675,
      "fl_y": 806.2326980114675,
      "cx": 367.293212890625,
      "cy": 504.25,
      "h": 994,
      "w": 738,
      "file_path": "./images/frame_00049.jpg",
      "depth_file_path": "./depth/frame_00049.png",
      "transform_matrix": [
        [
          -0.46521562337875366,
          -0.15199139714241028,
          0.8720510601997375,
          -0.5501194000244141
        ],
        [
          0.8841612935066223,
          -0.12743639945983887,
          0.4494650065898895,
          0.39543384313583374
        ],
        [
