{
  "w": 738,
  "h": 994,
  "fl_x": 808.3267179924594,
  "fl_y": 806.7632636144037,
  "cx": 368.7493327511935,
  "cy": 503.7194704960317,
  "camera_model": "OPENCV",
  "orientation_model": "none",
  "frames": [
    {
      "file_path": "./images/frame_00001.jpg",
      "depth_file_path": "./depth/frame_00001.png",
      "transform_matrix": [
        [
          0.6118189409816017,
          -0.02816822532552768,
          0.7904960435710907,
          -0.18474178742494995
        ],
        [
          0.790760303106435,
          -0.002706129695965176,
          -0.6121199514585098,
          0.014271234270576416
        ],
        [
          0.019381516212120187,
          0.9995994541800357,
          0.02061865206372615,
          -0.03205921886205876
        ],
        [
          0.0,
          0.0,
          0.0,
          1.0
        ]
      ]
    },
    {
      "file_path": "./images/frame_00002.jpg",
      "depth_file_path": "./depth/frame_00002.png",
      "transform_matrix": [
        [
          0.4331038976831111,
          -0.1189489642971068,
          0.8934607244556466,
          -0.11284396417740794
        ],
        [
          0.9010546579595635,
          0.0320235789439931,
          -0.4325216837367938,
          0.062126117296050554
        ],
        [
          0.02283619049058193,
          0.9923837436236578,
          0.12104905354559892,
          -0.11379923514503232
        ],
        [
          0.0,
          0.0,
          0.0,
          1.0
        ]
      ]
    },
    {
      "file_path": "./images/frame_00003.jpg",
      "depth_file_path": "./depth/frame_00003.png",
      "transform_matrix": [
        [
          0.20006969799947927,
          -0.12775443859055505,
          0.971416886571506,
          -0.09695111797853606
        ],
        [
          0.9793926936714814,
          -0.0018575508061917656,
          -0.20195666344062208,
          0.04545554883367142
        ],
        [
          0.027605313187407443,
          0.9918040127638783,
          0.12475011888134219,
          -0.10703912156769224
        ],
        [
          0.0,
          0.0,
          0.0,
          1.0
        ]
      ]
    },
    {
      "file_path": "./images/frame_00004.jpg",
      "depth_file_path": "./depth/frame_00004.png",
      "transform_matrix": [
        [
          -0.06583555569004232,
          -0.1297620063372025,
          0.9893570253668208,
          -0.1525675935989521
        ],
        [
          0.997496808494398,
          -0.03419728334011041,
          0.06189195771507128,
          -0.1000285188272203
        ],
        [
          0.025802096927070972,
          0.9909551893801086,
          0.13168857947472773,
          -0.10360274449264484
        ],
        [
          0.0,
          0.0,
          0.0,
          1.0
        ]
      ]
    },
    {
      "file_path": "./images/frame_00005.jpg",
      "depth_file_path": "./depth/frame_00005.png",
      "transform_matrix": [
        [
          -0.10797900978277587,
          -0.13102602996825544,
          0.9854808865108103,
          -0.16848853302492595
        ],
        [
          0.9938531551039003,
          -0.03857904872350759,
          0.10376701370641256,
          -0.08475225313738166
        ],
        [
          0.024422734125336354,
          0.9906279184045139,
          0.13438635761257942,
          -0.10041625665325205
        ],
        [
          0.0,
          0.0,
          0.0,
          1.0
        ]
      ]
    },
    {
      "file_path": "./images/frame_00006.jpg",
      "depth_file_path": "./depth/frame_00006.png",
      "transform_matrix": [
        [
          -0.3134245684046015,
          -0.12159524393029167,
          0.9417958787069551,
          -0.24739382064141946
        ],
        [
          0.9493050595207414,
          -0.06537919041468587,
          0.3074824649059297,
          0.04124866491735757
        ],
        [
          0.024185445168587505,
          0.9904241716301747,
          0.13592242503911436,
          -0.08730974549872661
        ],
        [
          0.0,
          0.0,
          0.0,
          1.0
        ]
      ]
    },
    {
      "file_path": "./images/frame_00007.jpg",
      "depth_file_path": "./depth/frame_00007.png",
      "transform_matrix": [
        [
          -0.5122710969311945,
          -0.10766850215487736,
          0.8520479401089699,
          -0.32902354896741226
        ],
        [
          0.8584382985812518,
          -0.09391585023605775,
          0.5042454876019624,
          0.03726301562430279
        ],
        [
          0.02572944950065037,
          0.9897409215397637,
          0.14053713904616444,
          -0.07029792965697723
        ],
        [
          0.0,
          0.0,
          0.0,
          1.0
        ]
      ]
    },
    {
      "file_path": "./images/frame_00008.jpg",
      "depth_file_path": "./depth/frame_00008.png",
      "transform_matrix": [
        [
          -0.6924259628334649,
          -0.08814359562232049,
          0.716084391379058,
          -0.4922305660674442
        ],
        [
          0.7211759832547903,
          -0.11378343843123861,
          0.6833436497928231,
          -0.02220617326176022
        ],
        [
          0.021246175883852803,
          0.9895877483894958,
          0.142353649487024,
          -0.05150754719783435
        ],
        [
          0.0,
          0.0,
          0.0,
          1.0
        ]
      ]
    },
    {
      "file_path": "./images/frame_00009.jpg",
      "depth_file_path": "./depth/frame_00009.png",
      "transform_matrix": [
        [
          -0.8321463592769639,
          -0.06438680647381306,
          0.5508054952123369,
          -0.562654039173333
        ],
        [
          0.5542409040496403,
          -0.1300402320345384,
          0.8221353659054629,
          0.023661001511113167
        ],
        [
          0.018692202355757526,
          0.9894158200091225,
          0.14389831028582178,
          -0.06186525749958971
        ],
        [
          0.0,
          0.0,
          0.0,
          1.0
        ]
      ]
    },
    {
      "file_path": "./images/frame_00010.jpg",
      "depth_file_path": "./depth/frame_00010.png",
      "transform_matrix": [
        [
          -0.9379351829472136,
          -0.035286454008550794,
          0.3450106667147117,
          -0.5812730510887352
        ],
        [
          0.3464010942707556,
          -0.1436391825414245,
          0.9270243358935244,
          0.05416476106054979
        ],
        [
          0.016845645357618566,
          0.9890007379710853,
          0.14694750656447386,
          -0.06286444754784792
        ],
        [
          0.0,
          0.0,
          0.0,
          1.0
        ]
      ]
    },
    {
      "file_path": "./images/frame_00011.jpg",
      "depth_file_path": "./depth/frame_00011.png",
      "transform_matrix": [
        [
          -0.9974730272784551,
          -0.006139186217706816,
          0.07077981087950846,
          -0.6465650893354842
        ],
        [
          0.07088738269779477,
          -0.1524483860286373,
          0.9857659388758278,
          0.08609753300976597
        ],
        [
          0.004738464833931255,
          0.9882922811271572,
          0.1524983343491657,
          -0.04385893125004059
        ],
        [
          0.0,
          0.0,
          0.0,
          1.0
        ]
      ]
    },
    {
      "file_path": "./images/frame_00012.jpg",
      "depth_file_path": "./depth/frame_00012.png",
      "transform_matrix": [
        [
          -0.9713643957784897,
          -0.05558619759517541,
          -0.23100065669631034,
          -0.6072914041171975
        ],
        [
          -0.2370362153757173,
          0.16011072992098002,
          0.9582162320564795,
          0.21293006252101554
        ],
        [
          -0.016277914065039478,
          0.9855326320815776,
          -0.16870179600807123,
          0.1550947391012587
        ],
        [
          0.0,
          0.0,
          0.0,
          1.0
        ]
      ]
    },
    {
      "file_path": "./images/frame_00013.jpg",
      "depth_file_path": "./depth/frame_00013.png",
      "transform_matrix": [
        [
          -0.998908896918551,
          0.018554440321465693,
          0.0428555631715164,
          -0.6455956454164431
        ],
        [
          0.044984610146230286,
          0.13588279184885788,
          0.9897031188161933,
          0.12334512024450195
        ],
        [
          0.012540053617434738,
          0.9905510972284817,
          -0.13656919631242015,
          0.2543384171543166
        ],
        [
          0.0,
          0.0,
          0.0,
          1.0
        ]
      ]
    },
    {
      "file_path": "./images/frame_00014.jpg",
      "depth_file_path": "./depth/frame_00014.png",
      "transform_matrix": [
        [
          -0.9939045045593125,
          -0.0037184232250752347,
          -0.11018110959744339,
          -0.6531426637467683
        ],
        [
          -0.11006523096027829,
          0.09033601313362338,
          0.9898106380055071,
          0.09079140875831282
        ],
        [
          0.00627278736016304,
          0.9959042994011693,
          -0.09019463854288234,
          0.12705181182306413
        ],
        [
          0.0,
          0.0,
          0.0,
          1.0
        ]
      ]
    },
    {
      "file_path": "./images/frame_00015.jpg",
      "depth_file_path": "./depth/frame_00015.png",
      "transform_matrix": [
        [
          -0.9878807537565637,
          0.021600533225532265,
          -0.1537041169190111,
          -0.664892822245239
        ],
        [
          -0.15266436957246332,
          0.04354840946044991,
          0.9873181686821919,
          -0.011164617675366584
        ],
        [
          0.028020167135153554,
          0.9988177247491316,
          -0.03972300255332806,
          -0.033593840274853015
        ],
        [
          0.0,
          0.0,
          0.0,
          1.0
        ]
      ]
    },
    {
      "file_path": "./images/frame_00022.jpg",
      "depth_file_path": "./depth/frame_00022.png",
      "transform_matrix": [
        [
          -0.39181635460556596,
          -0.01721130845537358,
          -0.9198823754332583,
          -1.3253073353025622
        ],
        [
          -0.919991847439148,
          0.017915565737360153,
          0.39152777280776163,
          -0.545924669573485
        ],
        [
          0.009741506169301917,
          0.9996912683119277,
          -0.022853874957360243,
          0.18292208617301986
        ],
        [
          0.0,
          0.0,
          0.0,
          1.0
        ]
      ]
    },
    {
      "file_path": "./images/frame_00023.jpg",
      "depth_file_path": "./depth/frame_00023.png",
      "transform_matrix": [
        [
          -0.24652267101812314,
          -0.14582819307205652,
          -0.958102622769109,
          -1.5745598080109493
        ],
        [
          -0.9690604511301599,
          0.04952093623153653,
          0.2418048132076499,
          -0.5242492435019672
        ],
        [
          0.012184176539446034,
          0.9880696406394915,
          -0.1535243566554585,
          0.21868806995153856
        ],
        [
          0.0,
          0.0,
          0.0,
          1.0
        ]
      ]
    },
    {
      "file_path": "./images/frame_00024.jpg",
      "depth_file_path": "./depth/frame_00024.png",
      "transform_matrix": [
        [
          -0.01317664152681558,
          -0.15652741091616598,
          -0.9875856427331507,
          -1.5736845255954428
        ],
        [
          -0.9998491240603217,
          0.013240273029257343,
          0.01124175650234005,
          -0.5254164226264377
        ],
        [
          0.011316260936798606,
          0.9875847841791497,
          -0.1566782546476702,
          0.19409783779910716
        ],
        [
          0.0,
          0.0,
          0.0,
          1.0
        ]
      ]
    },
    {
      "file_path": "./images/frame_00025.jpg",
      "depth_file_path": "./depth/frame_00025.png",
      "transform_matrix": [
        [
          -0.19157846759122665,
          0.14312392710932637,
          -0.9709856399066592,
          -1.418017852216019
        ],
        [
          -0.981400035794752,
          -0.015522407151373985,
          0.19134525395525176,
          -0.4874469914789836
        ],
        [
          0.012314052690170496,
          0.989582958616778,
          0.1434355932444964,
          -0.11851277008961869
        ],
        [
          0.0,
          0.0,
          0.0,
          1.0
        ]
      ]
    },
    {
      "file_path": "./images/frame_00026.jpg",
      "depth_file_path": "./depth/frame_00026.png",
      "transform_matrix": [
        [
          -0.3234269330637885,
          0.142255301506491,
          -0.9354989613053629,
          -1.1269237982846767
        ],
        [
          -0.9461524534339703,
          -0.034196042118730174,
          0.32191010463952874,
          -0.4222748692695686
        ],
        [
          0.013803055649342477,
          0.9892390771133783,
          0.1456551185835403,
          -0.12306071921175654
        ],
        [
          0.0,
          0.0,
          0.0,
          1.0
        ]
      ]
    },
    {
      "file_path": "./images/frame_00027.jpg",
      "depth_file_path": "./depth/frame_00027.png",
      "transform_matrix": [
        [
          -0.40053987094510657,
          0.13799832601954157,
          -0.9058278417622533,
          -0.9852503031453288
        ],
        [
          -0.9161504877179085,
          -0.04373968205902501,
          0.39844083849214934,
          -0.3025435675165875
        ],
        [
          0.015363549883113614,
          0.9894661155602857,
          0.14394671819858273,
          -0.12293443338913645
        ],
        [
          0.0,
          0.0,
          0.0,
          1.0
        ]
      ]
    },
    {
      "file_path": "./images/frame_00028.jpg",
      "depth_file_path": "./depth/frame_00028.png",
      "transform_matrix": [
        [
          -0.5074697470971686,
          0.12402555890723851,
          -0.8526969064038894,
          -0.8492998637956508
        ],
        [
          -0.8615600538800666,
          -0.05726044415950615,
          0.5044159841509417,
          -0.22326277448954035
        ],
        [
          0.013734667301672165,
          0.9906254104994606,
          0.1359134146261345,
          -0.11447533727391468
        ],
        [
          0.0,
          0.0,
          0.0,
          1.0
        ]
      ]
    },
    {
      "file_path": "./images/frame_00029.jpg",
      "depth_file_path": "./depth/frame_00029.png",
      "transform_matrix": [
        [
          -0.632642304490912,
          0.11268079446596876,
          -0.7662027337180262,
          -0.7577187765336226
        ],
        [
          -0.7743153365600396,
          -0.07399213442686547,
          0.628459150324917,
          -0.18989917668672085
        ],
        [
          0.014122297221576874,
          0.9908723768597117,
          0.13406101933106385,
          -0.137062887028226
        ],
        [
          0.0,
          0.0,
          0.0,
          1.0
        ]
      ]
    },
    {
      "file_path": "./images/frame_00030.jpg",
      "depth_file_path": "./depth/frame_00030.png",
      "transform_matrix": [
        [
          -0.7314347898677612,
          0.09774735622502767,
          -0.6748692727943156,
          -0.7150150771288089
        ],
        [
          -0.6817717755042688,
          -0.0848012128104143,
          0.7266333412763721,
          -0.12502994198995276
        ],
        [
          0.013796760272381081,
          0.9915916517109562,
          0.1286679405110005,
          -0.14863965182093675
        ],
        [
          0.0,
          0.0,
          0.0,
          1.0
        ]
      ]
    },
    {
      "file_path": "./images/frame_00031.jpg",
      "depth_file_path": "./depth/frame_00031.png",
      "transform_matrix": [
        [
          -0.8205566475526741,
          0.08468110066552861,
          -0.565257265363468,
          -0.6821771198250486
        ],
        [
          -0.571417967199912,
          -0.0990992161553661,
          0.8146537968427543,
          -0.05470426319903532
        ],
        [
          0.01296923225406904,
          0.9914677708868675,
          0.12970481952063817,
          -0.15903117195427696
        ],
        [
          0.0,
          0.0,
          0.0,
          1.0
        ]
      ]
    },
    {
      "file_path": "./images/frame_00032.jpg",
      "depth_file_path": "./depth/frame_00032.png",
      "transform_matrix": [
        [
          -0.9074653940968352,
          0.06423560866063227,
          -0.4151870019812627,
          -0.6702684216112793
        ],
        [
          -0.4200031637400678,
          -0.11473959517337007,
          0.9002400696524818,
          0.00711263344926949
        ],
        [
          0.010189078389095774,
          0.9913165165883877,
          0.13110136976945042,
          -0.16116040478642946
        ],
        [
          0.0,
          0.0,
          0.0,
          1.0
        ]
      ]
    },
    {
      "file_path": "./images/frame_00033.jpg",
      "depth_file_path": "./depth/frame_00033.png",
      "transform_matrix": [
        [
          -0.9748027429478755,
          0.036650018085416486,
          -0.22003699449413427,
          -0.6520502794411107
        ],
        [
          -0.2229556399082004,
          -0.1287195403957372,
          0.9662929437027202,
          0.08347000397400439
        ],
        [
          0.007091593540467338,
          0.9910034635291992,
          0.1336474866686167,
          -0.1818076785072249
        ],
        [
          0.0,
          0.0,
          0.0,
          1.0
        ]
      ]
    },
    {
      "file_path": "./images/frame_00034.jpg",
      "depth_file_path": "./depth/frame_00034.png",
      "transform_matrix": [
        [
          -0.9797291515536687,
          0.034823397018034996,
          -0.19727659157995364,
          -0.657115272519331
        ],
        [
          -0.20017089786499767,
          -0.13136415951375235,
          0.9709145729783458,
          0.10019753988553526
        ],
        [
          0.00789546909709661,
          0.9907222632590709,
          0.13567191940557088,
          -0.18763419152289562
        ],
        [
          0.0,
          0.0,
          0.0,
          1.0
        ]
      ]
    },
    {
      "file_path": "./images/frame_00035.jpg",
      "depth_file_path": "./depth/frame_00035.png",
      "transform_matrix": [
        [
          -0.9940137584588696,
          0.024743662778039743,
          -0.10641580238141304,
          -0.6855740067813527
        ],
        [
          -0.10894918280686358,
          -0.1517092975170808,
          0.9824023465955969,
          0.21587685087089215
        ],
        [
          0.008163964092218548,
          0.9881153061946868,
          0.15349693336146175,
          -0.24786587281516614
        ],
        [
          0.0,
          0.0,
          0.0,
          1.0
        ]
      ]
    },
    {
      "file_path": "./images/frame_00036.jpg",
      "depth_file_path": "./depth/frame_00036.png",
      "transform_matrix": [
        [
          -0.9988945888644122,
          -0.0014619371667212167,
          0.04698260310062663,
          -0.6081263446297733
        ],
        [
          0.04626033436334437,
          -0.2078245108594492,
          0.9770716109157251,
          0.4087817479928262
        ],
        [
          0.00833571858296761,
          0.9781649275375099,
          0.20766239699263722,
          -0.3299661164698373
        ],
        [
          0.0,
          0.0,
          0.0,
          1.0
        ]
      ]
    },
    {
      "file_path": "./images/frame_00037.jpg",
      "depth_file_path": "./depth/frame_00037.png",
      "transform_matrix": [
        [
          -0.9980176442463238,
          -0.007157125155369176,
          0.06252588966035366,
          -0.6064559546784436
        ],
        [
          0.06259080319927016,
          -0.21652462327495003,
          0.9742686724213823,
          0.41797391732852707
        ],
        [
          0.006565434236904533,
          0.9762508652765465,
          0.21654335907494482,
          -0.34338242405512087
        ],
        [
          0.0,
          0.0,
          0.0,
          1.0
        ]
      ]
    },
    {
      "file_path": "./images/frame_00038.jpg",
      "depth_file_path": "./depth/frame_00038.png",
      "transform_matrix": [
        [
          -0.9995232362363039,
          0.018766321603549074,
          0.024514441088452216,
          -0.4753593840151997
        ],
        [
          0.01686524728194297,
          -0.3331911237221947,
          0.9427084765280218,
          0.10185655939568705
        ],
        [
          0.025859162354047005,
          0.9426724421439061,
          0.33271576324564933,
          -0.4135201074852679
        ],
        [
          0.0,
          0.0,
          0.0,
          1.0
        ]
      ]
    },
    {
      "file_path": "./images/frame_00039.jpg",
      "depth_file_path": "./depth/frame_00039.png",
      "transform_matrix": [
        [
          -0.9988782905199207,
          0.012679279431605517,
          0.04562151474055365,
          -0.45108696942448745
        ],
        [
          0.0376741393488067,
          -0.37083365155395254,
          0.9279348401001483,
          0.1455674305062733
        ],
        [
          0.028683539364989047,
          0.9286126689009502,
          0.369939982451866,
          -0.6088194478955935
        ],
        [
          0.0,
          0.0,
          0.0,
          1.0
        ]
      ]
    },
    {
      "file_path": "./images/frame_00040.jpg",
      "depth_file_path": "./depth/frame_00040.png",
      "transform_matrix": [
        [
          -0.990959170144445,
          -0.013376761823670091,
          0.13349504220510178,
          -0.5210908907469831
        ],
        [
          0.13041720327363548,
          -0.3295413813414645,
          0.9350902593834266,
          0.26475663948207506
        ],
        [
          0.03148366464104102,
          0.9440463102783757,
          0.3283065967491672,
          -0.7122910113417695
        ],
        [
          0.0,
          0.0,
          0.0,
          1.0
        ]
      ]
    },
    {
      "file_path": "./images/frame_00041.jpg",
      "depth_file_path": "./depth/frame_00041.png",
      "transform_matrix": [
        [
          -0.9597251977272762,
          -0.06387586205630674,
          0.2735822742946893,
          -0.6603445887184756
        ],
        [
          0.2794090989767604,
          -0.31854868249099244,
          0.9057909609470071,
          0.31613530195837836
        ],
        [
          0.029291091429218374,
          0.9457517990186675,
          0.3235666884093391,
          -0.7152580311957584
        ],
        [
          0.0,
          0.0,
          0.0,
          1.0
        ]
      ]
    },
    {
      "file_path": "./images/frame_00042.jpg",
      "depth_file_path": "./depth/frame_00042.png",
      "transform_matrix": [
        [
          -0.8628007803960065,
          -0.14233990116772274,
          0.4850918052381741,
          -0.8166343445729263
        ],
        [
          0.5050467799501089,
          -0.285236206584498,
          0.814596872867172,
          0.4048782821287322
        ],
        [
          0.022416113084205103,
          0.9478288500868064,
          0.3179903119100276,
          -0.6769836861937013
        ],
        [
          0.0,
          0.0,
          0.0,
          1.0
        ]
      ]
    },
    {
      "file_path": "./images/frame_00043.jpg",
      "depth_file_path": "./depth/frame_00043.png",
      "transform_matrix": [
        [
          -0.6804921322153004,
          -0.2170372804421666,
          0.699875128302238,
          -0.8922004998540012
        ],
        [
          0.7324988605833379,
          -0.2267562522292319,
          0.6418933114584807,
          0.4522862908874836
        ],
        [
          0.01938628124009034,
          0.9494610153099265,
          0.3132853907730592,
          -0.6756557134296259
        ],
        [
          0.0,
          0.0,
          0.0,
          1.0
        ]
      ]
    },
    {
      "file_path": "./images/frame_00044.jpg",
      "depth_file_path": "./depth/frame_00044.png",
      "transform_matrix": [
        [
          -0.4991580395687191,
          -0.25988116984878507,
          0.8266213831558027,
          -0.8331525169904443
        ],
        [
          0.8662598006198495,
          -0.17263025711976265,
          0.46882063104920113,
          0.4409231650460843
        ],
        [
          0.02086220189955057,
          0.950084410488859,
          0.3112943817219874,
          -0.696594663052301
        ],
        [
          0.0,
          0.0,
          0.0,
          1.0
        ]
      ]
    },
    {
      "file_path": "./images/frame_00045.jpg",
      "depth_file_path": "./depth/frame_00045.png",
      "transform_matrix": [
        [
          -0.14338877689556168,
          -0.303428231297177,
          0.9420036494031,
          -0.8100249659332859
        ],
        [
          0.9895897626023186,
          -0.05580938300945104,
          0.13265544665420348,
          0.7686750577638544
        ],
        [
          0.012321234940889436,
          0.9512184213277518,
          0.3082718696709529,
          -0.6730644757359319
        ],
        [
          0.0,
          0.0,
          0.0,
          1.0
        ]
      ]
    },
    {
      "file_path": "./images/frame_00046.jpg",
      "depth_file_path": "./depth/frame_00046.png",
      "transform_matrix": [
        [
          0.11973405912389434,
          -0.3098765213373196,
          0.9432073886094519,
          -0.8329562956818928
        ],
        [
          0.9927395338395977,
          0.026376199839617698,
          -0.11735635583110993,
          0.812208788684432
        ],
        [
          0.01148775607438024,
          0.9504107725749082,
          0.31078479313503693,
          -0.6085057857229377
        ],
        [
          0.0,
          0.0,
          0.0,
          1.0
        ]
      ]
    },
    {
      "file_path": "./images/frame_00047.jpg",
      "depth_file_path": "./depth/frame_00047.png",
      "transform_matrix": [
        [
          0.004203546419738524,
          -0.290426092566387,
          0.9568881348976995,
          -0.5939490263283631
        ],
        [
          0.9997100863472086,
          -0.021466535899119066,
          -0.010906988003708262,
          0.5487252215664788
        ],
        [
          0.02370874571521231,
          0.9566565323902408,
          0.29025164841872564,
          -0.5832416874059809
        ],
        [
          0.0,
          0.0,
          0.0,
          1.0
        ]
      ]
    },
    {
      "file_path": "./images/frame_00048.jpg",
      "depth_file_path": "./depth/frame_00048.png",
      "transform_matrix": [
        [
          -0.3187844463371901,
          -0.2684944779718156,
          0.9090033221897879,
          -0.5128002931214446
        ],
        [
          0.9470357237530558,
          -0.12941294392441915,
          0.29389726566357,
          0.3855814187783526
        ],
        [
          0.0387270008522157,
          0.9545485110704404,
          0.2955286876516441,
          -0.3808254093782215
        ],
        [
          0.0,
          0.0,
          0.0,
          1.0
        ]
      ]
    },
    {
      "file_path": "./images/frame_00049.jpg",
      "depth_file_path": "./depth/frame_00049.png",
      "transform_matrix": [
        [
          -0.461484396097486,
          -0.14924008235892045,
          0.8745052190103102,
          -0.5635830986259533
        ],
        [
          0.8860338239140179,
          -0.12693009925632603,
          0.44590668293218055,
          0.4028841783936332
        ],
        [
          0.044453883416726625,
          0.9806202111443169,
          0.190808030653709,
          -0.0472846261560278
        ],
        [
          0.0,
          0.0,
          0.0,
          1.0
        ]
      ]
    },
    {
      "file_path": "./images/frame_00050.jpg",
      "depth_file_path": "./depth/frame_00050.png",
      "transform_matrix": [
        [
          -0.6312741891126799,
          -0.06481752248569614,
          0.7728463501779393,
          -0.6354543126157359
        ],
        [
          0.7740886550761751,
          -0.11400609428926667,
          0.6227273835045503,
          0.3740216084444645
        ],
        [
          0.047745541097302,
          0.9913632681834438,
          0.12214360738877311,
          -0.0040896137114031506
        ],
        [
          0.0,
          0.0,
          0.0,
          1.0
        ]
      ]
    },
    {
      "file_path": "./images/frame_00051.jpg",
      "depth_file_path": "./depth/frame_00051.png",
      "transform_matrix": [
        [
          -0.7937446786768929,
          -0.040091661478688645,
          0.6069282701790614,
          -0.8659825640450582
        ],
        [
          0.6063253377150086,
          -0.1314893831862678,
          0.784270466897164,
          0.12802513068036236
        ],
        [
          0.04836191374149401,
          0.9905064372172052,
          0.12867758682470765,
          0.016117235416520326
        ],
        [
          0.0,
          0.0,
          0.0,
          1.0
        ]
      ]
    },
    {
      "file_path": "./images/frame_00052.jpg",
      "depth_file_path": "./depth/frame_00052.png",
      "transform_matrix": [
        [
          -0.7889915399386718,
          -0.04043042907799449,
          0.6130722538623802,
          -1.1209980256791416
        ],
        [
          0.6125641732187829,
          -0.12892669477699736,
          0.7798352849700454,
          -0.09780370379345849
        ],
        [
          0.04751229947585911,
          0.9908295268691896,
          0.12648830310101356,
          0.019383862303513855
        ],
        [
          0.0,
          0.0,
          0.0,
          1.0
        ]
      ]
    },
    {
      "file_path": "./images/frame_00053.jpg",
      "depth_file_path": "./depth/frame_00053.png",
      "transform_matrix": [
        [
          -0.7864059181441377,
          -0.04462319019301303,
          0.6160960709215294,
          -1.3217526094488603
        ],
        [
          0.6159712672771176,
          -0.13143267688643,
          0.7767270446847934,
          -0.37520440284083545
        ],
        [
          0.046315114171428085,
          0.9903201823869263,
          0.13084603123843908,
          -0.010209210928426846
        ],
        [
          0.0,
          0.0,
          0.0,
          1.0
        ]
      ]
    },
    {
      "file_path": "./images/frame_00054.jpg",
      "depth_file_path": "./depth/frame_00054.png",
      "transform_matrix": [
        [
          -0.7680780047115894,
          -0.06821889849994389,
          0.6367120309999639,
          -1.5913417085007007
        ],
        [
          0.6387270744412799,
          -0.1524983432672431,
          0.7541697281335148,
          -0.5434115750393871
        ],
        [
          0.04564889788504101,
          0.9859463767785016,
          0.16070387659026808,
          -0.025178852607222746
        ],
        [
          0.0,
          0.0,
          0.0,
          1.0
        ]
      ]
    },
    {
      "file_path": "./images/frame_00055.jpg",
      "depth_file_path": "./depth/frame_00055.png",
      "transform_matrix": [
        [
          -0.7626449863187041,
          -0.0761933181200811,
          0.6423137970761285,
          -1.8753632044063164
        ],
        [
          0.6451901992996687,
          -0.1600025489861785,
          0.7470801899183812,
          -0.6825559713097569
        ],
        [
          0.045849327239856574,
          0.9841715505561608,
          0.17118433194286953,
          -0.05897799280186716
        ],
        [
          0.0,
          0.0,
          0.0,
          1.0
        ]
      ]
    },
    {
      "file_path": "./images/frame_00056.jpg",
      "depth_file_path": "./depth/frame_00056.png",
      "transform_matrix": [
        [
          -0.7589324829884507,
          -0.09936272933432574,
          0.6435436367577154,
          -2.22068633579541
        ],
        [
          0.6498835023428727,
          -0.1776540808406193,
          0.7389793278190213,
          -0.7307359744642907
        ],
        [
          0.04090114723648153,
          0.9790638030718818,
          0.19940163968953806,
          -0.12332451415309986
        ],
        [
          0.0,
          0.0,
          0.0,
          1.0
        ]
      ]
    },
    {
      "file_path": "./images/frame_00057.jpg",
      "depth_file_path": "./depth/frame_00057.png",
      "transform_matrix": [
        [
          -0.8285370463555745,
          -0.04287326482168746,
          0.5582903590726817,
          -2.502649872416464
        ],
        [
          0.5580180620763366,
          -0.1456384720415782,
          0.8169487717956119,
          -0.7842112945349324
        ],
        [
          0.046283288454355254,
          0.9884083749616384,
          0.14459091899621146,
          -0.14895595092546987
        ],
        [
          0.0,
          0.0,
          0.0,
          1.0
        ]
      ]
    },
    {
      "file_path": "./images/frame_00062.jpg",
      "depth_file_path": "./depth/frame_00062.png",
      "transform_matrix": [
        [
          -0.9234482264194254,
          0.061997107952068115,
          -0.3786814059894759,
          -3.0669156964536333
        ],
        [
          -0.3820855497034452,
          -0.057493684941360534,
          0.9223367738938344,
          -0.6471297346592491
        ],
        [
          0.03541041887624441,
          0.9964189310295548,
          0.07678063960809522,
          -0.17640316999819516
        ],
        [
          0.0,
          0.0,
          0.0,
          1.0
        ]
      ]
    },
    {
      "file_path": "./images/frame_00063.jpg",
      "depth_file_path": "./depth/frame_00063.png",
      "transform_matrix": [
        [
          -0.9104573058924671,
          0.07263828251857313,
          -0.4071745057911637,
          -3.0721954734191446
        ],
        [
          -0.4121023614200055,
          -0.07553400737941107,
          0.9080012601460102,
          -0.6399203296495788
        ],
        [
          0.0352001287509586,
          0.9944939312921538,
          0.09870488746531814,
          -0.16554978190910918
        ],
        [
          0.0,
          0.0,
          0.0,
          1.0
        ]
      ]
    },
    {
      "file_path": "./images/frame_00064.jpg",
      "depth_file_path": "./depth/frame_00064.png",
      "transform_matrix": [
        [
          -0.8689490768593988,
          0.055914531689402525,
          -0.49173253503880354,
          -3.095361302979274
        ],
        [
          -0.4939944374654941,
          -0.03787050077669818,
          0.8686399228743952,
          -0.6119095392459748
        ],
        [
          0.029947435761536745,
          0.9977170112261282,
          0.0605290023568229,
          -0.2555141594875474
        ],
        [
          0.0,
          0.0,
          0.0,
          1.0
        ]
      ]
    },
    {
      "file_path": "./images/frame_00065.jpg",
      "depth_file_path": "./depth/frame_00065.png",
      "transform_matrix": [
        [
          -0.8552619361535896,
          0.029777117439245104,
          -0.5173395383111677,
          -3.2328729481068494
        ],
        [
          -0.5162980341069172,
          0.036398251669552684,
          0.8556351708146506,
          -0.4866342451020409
        ],
        [
          0.044308602138562525,
          0.9988935244836341,
          -0.015756174585646043,
          -0.5564089860756531
        ],
        [
          0.0,
          0.0,
          0.0,
          1.0
        ]
      ]
    },
    {
      "file_path": "./images/frame_00066.jpg",
      "depth_file_path": "./depth/frame_00066.png",
      "transform_matrix": [
        [
          -0.5770113710191923,
          0.09283894254684397,
          -0.811442349119774,
          -3.500473521087547
        ],
        [
          -0.8164211586424288,
          -0.03797720157301643,
          0.5762067512803386,
          -0.47445604425088117
        ],
        [
          0.022678116834991213,
          0.9949565030242433,
          0.097708955523515,
          -0.31334616255481684
        ],
        [
          0.0,
          0.0,
          0.0,
          1.0
        ]
      ]
    },
    {
      "file_path": "./images/frame_00067.jpg",
      "depth_file_path": "./depth/frame_00067.png",
      "transform_matrix": [
        [
          -0.336795018765612,
          0.09969425532702866,
          -0.9362852581796884,
          -3.530602605211394
        ],
        [
          -0.9414243099528882,
          -0.01768850183408155,
          0.33676015629143374,
          -0.3214421256593647
        ],
        [
          0.01701156577043028,
          0.9948608258540946,
          0.0998119906338164,
          -0.12567591068673467
        ],
        [
          0.0,
          0.0,
          0.0,
          1.0
        ]
      ]
    },
    {
      "file_path": "./images/frame_00068.jpg",
      "depth_file_path": "./depth/frame_00068.png",
      "transform_matrix": [
        [
          -0.05505993689798769,
          0.03445773847225514,
          -0.9978882551707028,
          -3.5378156560147604
        ],
        [
          -0.9984324485243505,
          0.008162393823497816,
          0.055371837343672764,
          -0.16770526195169433
        ],
        [
          0.010053144924786817,
          0.9993727491699785,
          0.033954302459565766,
          0.022410275169825855
        ],
        [
          0.0,
          0.0,
          0.0,
          1.0
        ]
      ]
    },
    {
      "file_path": "./images/frame_00069.jpg",
      "depth_file_path": "./depth/frame_00069.png",
      "transform_matrix": [
        [
          0.14871816972668117,
          0.030551483182048478,
          -0.9884075206748303,
          -3.45685650032298
        ],
        [
          -0.9888650000687207,
          0.010033874115337404,
          -0.14847685298287883,
          -0.25228023095489727
        ],
        [
          0.005381367485817079,
          0.9994827256446562,
          0.031703511397174186,
          0.026530347913783947
        ],
        [
          0.0,
          0.0,
          0.0,
          1.0
        ]
      ]
    },
    {
      "file_path": "./images/frame_00070.jpg",
      "depth_file_path": "./depth/frame_00070.png",
      "transform_matrix": [
        [
          0.3518700562588586,
          0.027085816539702934,
          -0.9356568359929927,
          -3.3821789348936635
        ],
        [
          -0.936035931432557,
          0.015439977731320775,
          -0.351565630935654,
          -0.3058696233848397
        ],
        [
          0.004924079278680216,
          0.9995137833829526,
          0.030786160501121623,
          0.03746457490838084
        ],
        [
          0.0,
          0.0,
          0.0,
          1.0
        ]
      ]
    },
    {
      "file_path": "./images/frame_00071.jpg",
      "depth_file_path": "./depth/frame_00071.png",
      "transform_matrix": [
        [
          0.5494333704403769,
          0.022592698054176602,
          -0.8352319358730742,
