{
    "w": 738,
    "h": 994,
    "fl_x": 808.3267179924594,
    "fl_y": 806.7632636144037,
    "cx": 368.7493327511935,
    "cy": 503.7194704960317,
    "camera_model": "OPENCV",
    "orientation_model": "none",
    "frames": [
        {
            "file_path": "./images/frame_00001.jpg",
            "depth_file_path": "./depth/frame_00001.png",
            "transform_matrix": [
                [
                    -0.9044993378834911,
                    -0.030286301658608017,
                    -0.4253980699795793,
                    -2.17116764539042
                ],
                [
                    -0.4259173246062117,
                    0.11513629684337677,
                    0.8974063305479156,
                    2.1724073513268625
                ],
                [
                    0.021799640858678138,
                    0.9928878391035105,
                    -0.11704016042190568,
                    0.06872986853266794
                ],
                [
                    0.0,
                    0.0,
                    0.0,
                    1.0
                ]
            ]
        },
        {
            "file_path": "./images/frame_00002.jpg",
            "depth_file_path": "./depth/frame_00002.png",
            "transform_matrix": [
                [
                    -0.8189306380241718,
                    0.11399878753377035,
                    -0.5624560225252024,
                    -1.8470213146764833
                ],
                [
                    -0.5734044063147491,
                    -0.12212411354848562,
                    0.8101191676504383,
                    2.177635945773956
                ],
                [
                    0.023663163845340673,
                    0.9859461445883149,
                    0.1653785822633843,
                    -0.02724731328076191
                ],
                [
                    0.0,
                    0.0,
                    0.0,
                    1.0
                ]
            ]
        },
        {
            "file_path": "./images/frame_00003.jpg",
            "depth_file_path": "./depth/frame_00003.png",
            "transform_matrix": [
                [
                    -0.8096258662930733,
                    0.11686757233735307,
                    -0.575193700901266,
                    -1.5607416935569942
                ],
                [
                    -0.5864664659418689,
                    -0.12146023043582987,
                    0.8008148746783612,
                    2.0831848087856963
                ],
                [
                    0.023726130327539896,
                    0.985692254811445,
                    0.1668762617329559,
                    0.02609896737023698
                ],
                [
                    0.0,
                    0.0,
                    0.0,
                    1.0
                ]
            ]
        },
        {
            "file_path": "./images/frame_00004.jpg",
            "depth_file_path": "./depth/frame_00004.png",
            "transform_matrix": [
                [
                    -0.8169522975651212,
                    0.11535331010112168,
                    -0.5650508442169102,
                    -1.3318880399913653
                ],
                [
                    -0.5761479688068825,
                    -0.12018897397190309,
                    0.8084603680521651,
                    2.0310508903862554
                ],
                [
                    0.025345694909145233,
                    0.9860263960898705,
                    0.16464923699137823,
                    0.09214915210942465
                ],
                [
                    0.0,
                    0.0,
                    0.0,
                    1.0
                ]
            ]
        },
        {
            "file_path": "./images/frame_00005.jpg",
            "depth_file_path": "./depth/frame_00005.png",
            "transform_matrix": [
                [
                    -0.9167416067457363,
                    0.08382779518283459,
                    -0.3905862908282647,
                    -1.1048963356590873
                ],
                [
                    -0.3988500852199193,
                    -0.13715485488150292,
                    0.9067012770095284,
                    1.926405135365974
                ],
                [
                    0.022435958023529518,
                    0.9869961193569703,
                    0.15917028653218246,
                    0.1269345437383058
                ],
                [
                    0.0,
                    0.0,
                    0.0,
                    1.0
                ]
            ]
        },
        {
            "file_path": "./images/frame_00006.jpg",
            "depth_file_path": "./depth/frame_00006.png",
            "transform_matrix": [
                [
                    -0.9818882576385999,
                    0.05217447065024644,
                    -0.18213485523748146,
                    -0.9694234831912669
                ],
                [
                    -0.18799972073760077,
                    -0.14916482741195047,
                    0.9707759730309752,
                    1.7412948560158683
                ],
                [
                    0.023481607948862872,
                    0.9874347922676158,
                    0.15627198257867114,
                    0.11891107870921078
                ],
                [
                    0.0,
                    0.0,
                    0.0,
                    1.0
                ]
            ]
        },
        {
            "file_path": "./images/frame_00007.jpg",
            "depth_file_path": "./depth/frame_00007.png",
            "transform_matrix": [
                [
                    -0.9997211059636342,
                    0.023316159161969358,
                    -0.0037275701181340437,
                    -0.8206284807859638
                ],
                [
                    -0.007272620734830093,
                    -0.1538642686011671,
                    0.9880652536533339,
                    1.6048432221482358
                ],
                [
                    0.02246434515574877,
                    0.9878167966183804,
                    0.1539909180456137,
                    0.1157863829910899
                ],
                [
                    0.0,
                    0.0,
                    0.0,
                    1.0
                ]
            ]
        },
        {
            "file_path": "./images/frame_00008.jpg",
            "depth_file_path": "./depth/frame_00008.png",
            "transform_matrix": [
                [
                    -0.9864126493692739,
                    -0.0022880058853428087,
                    0.16427034671543583,
                    -0.7436404602213862
                ],
                [
                    0.16269166510154992,
                    -0.15258268793111107,
                    0.9748076240985746,
                    1.5181107376383665
                ],
                [
                    0.022834442011817002,
                    0.9882880088329542,
                    0.1508817231190932,
                    0.13611410338419344
                ],
                [
                    0.0,
                    0.0,
                    0.0,
                    1.0
                ]
            ]
        },
        {
            "file_path": "./images/frame_00009.jpg",
            "depth_file_path": "./depth/frame_00009.png",
            "transform_matrix": [
                [
                    -0.9416145636924202,
                    -0.03194482917793848,
                    0.33517372790117683,
                    -0.6908805095833144
                ],
                [
                    0.3360834939122229,
                    -0.14903213634466828,
                    0.9299662839192631,
                    1.3701145559939034
                ],
                [
                    0.020244042582269417,
                    0.9883161152979071,
                    0.1510669521978284,
                    0.12157617104325985
                ],
                [
                    0.0,
                    0.0,
                    0.0,
                    1.0
                ]
            ]
        },
        {
            "file_path": "./images/frame_00010.jpg",
            "depth_file_path": "./depth/frame_00010.png",
            "transform_matrix": [
                [
                    -0.8741822505963232,
                    -0.058154310910137647,
                    0.48210300421741237,
                    -0.6993396990208178
                ],
                [
                    0.48529005775905043,
                    -0.1399668966395191,
                    0.8630775240836923,
                    1.168209649963722
                ],
                [
                    0.017286782015795144,
                    0.9884468348536743,
                    0.1505782875468168,
                    0.13119555978247066
                ],
                [
                    0.0,
                    0.0,
                    0.0,
                    1.0
                ]
            ]
        },
        {
            "file_path": "./images/frame_00011.jpg",
            "depth_file_path": "./depth/frame_00011.png",
            "transform_matrix": [
                [
                    -0.7843306941581044,
                    -0.07734358927860488,
                    0.6155023732933432,
                    -0.6853710860244444
                ],
                [
                    0.6201023633451801,
                    -0.12537776382212473,
                    0.7744375190444999,
                    1.0776512265516607
                ],
                [
                    0.017272534774404935,
                    0.9890896164823993,
                    0.1462985639173886,
                    0.13338355078717534
                ],
                [
                    0.0,
                    0.0,
                    0.0,
                    1.0
                ]
            ]
        },
        {
            "file_path": "./images/frame_00012.jpg",
            "depth_file_path": "./depth/frame_00012.png",
            "transform_matrix": [
                [
                    -0.6326705655976848,
                    -0.1026399413803484,
                    0.7675889949346836,
                    -0.6490496695861907
                ],
                [
                    0.7742732116361454,
                    -0.103203365624428,
                    0.6243797776051057,
                    0.9335216112672227
                ],
                [
                    0.015131465745513384,
                    0.9893502752555373,
                    0.14476508685456024,
                    0.16129659785940875
                ],
                [
                    0.0,
                    0.0,
                    0.0,
                    1.0
                ]
            ]
        },
        {
            "file_path": "./images/frame_00013.jpg",
            "depth_file_path": "./depth/frame_00013.png",
            "transform_matrix": [
                [
                    -0.47131062336081103,
                    -0.12404783045136433,
                    0.8732000577377063,
                    -0.694948645267681
                ],
                [
                    0.8819005238529134,
                    -0.07846398178020819,
                    0.46486003388263963,
                    0.7154968477368266
                ],
                [
                    0.010849874663804326,
                    0.9891690593742408,
                    0.1463787493986401,
                    0.1740279149997248
                ],
                [
                    0.0,
                    0.0,
                    0.0,
                    1.0
                ]
            ]
        },
        {
            "file_path": "./images/frame_00014.jpg",
            "depth_file_path": "./depth/frame_00014.png",
            "transform_matrix": [
                [
                    -0.31360790550778556,
                    -0.13547049258375116,
                    0.9398391637908341,
                    -0.8805037241066627
                ],
                [
                    0.9495201792328825,
                    -0.052917616132383216,
                    0.309210602175561,
                    0.4986832430681116
                ],
                [
                    0.00784513598958736,
                    0.989367151514688,
                    0.14522734317601466,
                    0.1838973291656647
                ],
                [
                    0.0,
                    0.0,
                    0.0,
                    1.0
                ]
            ]
        },
        {
            "file_path": "./images/frame_00015.jpg",
            "depth_file_path": "./depth/frame_00015.png",
            "transform_matrix": [
                [
                    -0.16210311367745117,
                    -0.1453980230277546,
                    0.9760030054932893,
                    -0.947383940278127
                ],
                [
                    0.9867686491915696,
                    -0.027087599979193078,
                    0.15985584182448476,
                    0.39561786380185104
                ],
                [
                    0.0031948562192658514,
                    0.9890022647587233,
                    0.14786520132388278,
                    0.1643848482285033
                ],
                [
                    0.0,
                    0.0,
                    0.0,
                    1.0
                ]
            ]
        },
        {
            "file_path": "./images/frame_00016.jpg",
            "depth_file_path": "./depth/frame_00016.png",
            "transform_matrix": [
                [
                    0.0634555417799868,
                    -0.153759486027987,
                    0.986068600118929,
                    -1.0216225752019419
                ],
                [
                    0.9979787213168101,
                    0.0063667872340329446,
                    -0.06322920530418558,
                    0.3284994299939774
                ],
                [
                    0.0034439996875930134,
                    0.9880877284188697,
                    0.1538526984045147,
                    0.1699465303240253
                ],
                [
                    0.0,
                    0.0,
                    0.0,
                    1.0
                ]
            ]
        },
        {
            "file_path": "./images/frame_00017.jpg",
            "depth_file_path": "./depth/frame_00017.png",
            "transform_matrix": [
                [
                    0.24939910322940745,
                    -0.15158410723339225,
                    0.9564633739077787,
                    -1.141059558765328
                ],
                [
                    0.9684007835263725,
                    0.03926435685369145,
                    -0.2462890246927636,
                    0.30923145675189145
                ],
                [
                    -0.00022141242794837535,
                    0.987664104539499,
                    0.1565866658851598,
                    0.19948336564713376
                ],
                [
                    0.0,
                    0.0,
                    0.0,
                    1.0
                ]
            ]
        },
        {
            "file_path": "./images/frame_00018.jpg",
            "depth_file_path": "./depth/frame_00018.png",
            "transform_matrix": [
                [
                    0.41847362221626594,
                    -0.14118982489183476,
                    0.8971873841218224,
                    -1.25320045320112
                ],
                [
                    0.9082277131530273,
                    0.06666248868095725,
                    -0.41313254788697534,
                    0.2928819419008595
                ],
                [
                    -0.001478632935974833,
                    0.9877354942831795,
                    0.15612900175724476,
                    0.2110613736249305
                ],
                [
                    0.0,
                    0.0,
                    0.0,
                    1.0
                ]
            ]
        },
        {
            "file_path": "./images/frame_00019.jpg",
            "depth_file_path": "./depth/frame_00019.png",
            "transform_matrix": [
                [
                    0.5880055847205624,
                    -0.12568996315351877,
                    0.799031489231802,
                    -1.3554863586866723
                ],
                [
                    0.808847432805701,
                    0.09614173824633276,
                    -0.5801057023432739,
                    0.22397182058496434
                ],
                [
                    -0.003906812190555109,
                    0.9873999546931955,
                    0.15819587509850186,
                    0.18375971637519029
                ],
                [
                    0.0,
                    0.0,
                    0.0,
                    1.0
                ]
            ]
        },
        {
            "file_path": "./images/frame_00020.jpg",
            "depth_file_path": "./depth/frame_00020.png",
            "transform_matrix": [
                [
                    0.749022206679516,
                    -0.09821649650338024,
                    0.6552244629427033,
                    -1.3862200876290767
                ],
                [
                    0.6624948990970447,
                    0.123163716023585,
                    -0.7388715835652562,
                    0.19062469598886422
                ],
                [
                    -0.008130499499992117,
                    0.9875140546297599,
                    0.15732028646528362,
                    0.17548269277791118
                ],
                [
                    0.0,
                    0.0,
                    0.0,
                    1.0
                ]
            ]
        },
        {
            "file_path": "./images/frame_00021.jpg",
            "depth_file_path": "./depth/frame_00021.png",
            "transform_matrix": [
                [
                    0.8412707037097432,
                    -0.0813857614141747,
                    0.5344528088231641,
                    -1.2931359450015258
                ],
                [
                    0.5405810644766514,
                    0.13754989768446668,
                    -0.8299711935531953,
                    0.18607407900990092
                ],
                [
                    -0.005966092100375964,
                    0.9871454700747646,
                    0.15971230292508531,
                    0.17430422208642593
                ],
                [
                    0.0,
                    0.0,
                    0.0,
                    1.0
                ]
            ]
        },
        {
            "file_path": "./images/frame_00022.jpg",
            "depth_file_path": "./depth/frame_00022.png",
            "transform_matrix": [
                [
                    0.8474751809961043,
                    -0.07812319409105842,
                    0.5250547190364172,
                    -1.2626870486708968
                ],
                [
                    0.5308054112794154,
                    0.1351460874178807,
                    -0.836648792506532,
                    0.19221196603352908
                ],
                [
                    -0.005597416601708538,
                    0.9877409490918578,
                    0.1560011690207752,
                    0.16522352081335345
                ],
                [
                    0.0,
                    0.0,
                    0.0,
                    1.0
                ]
            ]
        },
        {
            "file_path": "./images/frame_00023.jpg",
            "depth_file_path": "./depth/frame_00023.png",
            "transform_matrix": [
                [
                    0.8916805000974194,
                    -0.039823930207771085,
                    0.4509099834778249,
                    -0.939503108989356
                ],
                [
                    0.45266520390599335,
                    0.07834589184813956,
                    -0.8882320606630564,
                    0.31067195473320774
                ],
                [
                    4.594499985938194e-05,
                    0.9961304248312207,
                    0.08788641079279835,
                    0.0959790085947052
                ],
                [
                    0.0,
                    0.0,
                    0.0,
                    1.0
                ]
            ]
        },
        {
            "file_path": "./images/frame_00024.jpg",
            "depth_file_path": "./depth/frame_00024.png",
            "transform_matrix": [
                [
                    0.978359491145399,
                    -0.01637701918145193,
                    0.20626289438254256,
                    -0.8383401229856076
                ],
                [
                    0.20689043364204057,
                    0.09183238478171474,
                    -0.9740447736769324,
                    0.37539271760378146
                ],
                [
                    -0.002989662993698331,
                    0.9956397152853015,
                    0.09323333591025779,
                    0.07324181368135152
                ],
                [
                    0.0,
                    0.0,
                    0.0,
                    1.0
                ]
            ]
        },
        {
            "file_path": "./images/frame_00025.jpg",
            "depth_file_path": "./depth/frame_00025.png",
            "transform_matrix": [
                [
                    0.9996573074767006,
                    -0.003882781367243293,
                    0.025885875925922425,
                    -0.6997874239775912
                ],
                [
                    0.026139440587504004,
                    0.0962261216144239,
                    -0.9950162157315106,
                    0.7162030453997221
                ],
                [
                    0.0013725325401080513,
                    0.9953518324654854,
                    0.09629463692252815,
                    0.04833861193439004
                ],
                [
                    0.0,
                    0.0,
                    0.0,
                    1.0
                ]
            ]
        },
        {
            "file_path": "./images/frame_00026.jpg",
            "depth_file_path": "./depth/frame_00026.png",
            "transform_matrix": [
                [
                    0.9976094270594719,
                    0.0032744550205202894,
                    -0.06902563017972585,
                    -0.7450275164012852
                ],
                [
                    -0.069035773108573,
                    0.09136536439568321,
                    -0.9934215915182255,
                    1.0785817966484175
                ],
                [
                    0.0030536377570511836,
                    0.9958119899881828,
                    0.09137300253905212,
                    0.0729934044888122
                ],
                [
                    0.0,
                    0.0,
                    0.0,
                    1.0
                ]
            ]
        },
        {
            "file_path": "./images/frame_00027.jpg",
            "depth_file_path": "./depth/frame_00027.png",
            "transform_matrix": [
                [
                    0.9995003542160943,
                    -0.00826105698576221,
                    0.030506184089730104,
                    -0.7216785835046522
                ],
                [
                    0.030942965394322813,
                    0.05926331275248292,
                    -0.9977626773101097,
                    1.4339473674167786
                ],
                [
                    0.006434676886695995,
                    0.9982080993468369,
                    0.05948931892364273,
                    0.049822898892875445
                ],
                [
                    0.0,
                    0.0,
                    0.0,
                    1.0
                ]
            ]
        },
        {
            "file_path": "./images/frame_00028.jpg",
            "depth_file_path": "./depth/frame_00028.png",
            "transform_matrix": [
                [
                    0.9862786898180148,
                    -0.018829576270301907,
                    0.16401118929708716,
                    -0.7791034022782861
                ],
                [
                    0.16490450919510924,
                    0.06547178487126831,
                    -0.9841341385981199,
                    1.7402992108318571
                ],
                [
                    0.007792723547518456,
                    0.9976766381232895,
                    0.06767850152234223,
                    -0.011441916614271824
                ],
                [
                    0.0,
                    0.0,
                    0.0,
                    1.0
                ]
            ]
        },
        {
            "file_path": "./images/frame_00029.jpg",
            "depth_file_path": "./depth/frame_00029.png",
            "transform_matrix": [
                [
                    0.9751960465204361,
                    -0.026989959704753846,
                    0.2196909835467081,
                    -0.8036398584111515
                ],
                [
                    0.2211856009572205,
                    0.08143923288555847,
                    -0.9718253723735176,
                    1.8690083244776208
                ],
                [
                    0.008338063138987713,
                    0.9963127094636661,
                    0.08538899978900227,
                    0.00028086145366078286
                ],
                [
                    0.0,
                    0.0,
                    0.0,
                    1.0
                ]
            ]
        },
        {
            "file_path": "./images/frame_00030.jpg",
            "depth_file_path": "./depth/frame_00030.png",
            "transform_matrix": [
                [
                    0.9169475917320188,
                    -0.05006186637140336,
                    0.3958544984219521,
                    -0.8986491511616603
                ],
                [
                    0.39885381662308206,
                    0.08746850181770605,
                    -0.9128334626933703,
                    2.1386758053472716
                ],
                [
                    0.011073347908577696,
                    0.9949084956038382,
                    0.10017139408401166,
                    0.0016842491280405492
                ],
                [
                    0.0,
                    0.0,
                    0.0,
                    1.0
                ]
            ]
        },
        {
            "file_path": "./images/frame_00031.jpg",
            "depth_file_path": "./depth/frame_00031.png",
            "transform_matrix": [
                [
                    0.806778125930694,
                    -0.08939709799946513,
                    0.5840523381154475,
                    -1.0039876735036288
                ],
                [
                    0.5907257172320802,
                    0.10140387321020361,
                    -0.8004751043338433,
                    2.3026171678692453
                ],
                [
                    0.01233498309562403,
                    0.9908204918925493,
                    0.13461958443271504,
                    -0.022901072765957042
                ],
                [
                    0.0,
                    0.0,
                    0.0,
                    1.0
                ]
            ]
        },
        {
            "file_path": "./images/frame_00032.jpg",
            "depth_file_path": "./depth/frame_00032.png",
            "transform_matrix": [
                [
                    0.6893859759065308,
                    -0.12992973646439931,
                    0.7126465406473862,
                    -1.268644012872004
                ],
                [
                    0.7242419606188275,
                    0.1034580922424464,
                    -0.6817404260713136,
                    2.474958358059
                ],
                [
                    0.014849302490716254,
                    0.986110823846937,
                    0.16542312092557243,
                    -0.0008996036051075462
                ],
                [
                    0.0,
                    0.0,
                    0.0,
                    1.0
                ]
            ]
        },
        {
            "file_path": "./images/frame_00033.jpg",
            "depth_file_path": "./depth/frame_00033.png",
            "transform_matrix": [
                [
                    0.47511699287499853,
                    -0.15766792095658308,
                    0.865681539883667,
                    -1.53620381102172
                ],
                [
                    0.8797625754647851,
                    0.0663552393625404,
                    -0.47075981201061223,
                    2.618245799906166
                ],
                [
                    0.016781208197306774,
                    0.9852602127397803,
                    0.17023683770482956,
                    -0.009088890061570876
                ],
                [
                    0.0,
                    0.0,
                    0.0,
                    1.0
                ]
            ]
        },
        {
            "file_path": "./images/frame_00034.jpg",
            "depth_file_path": "./depth/frame_00034.png",
            "transform_matrix": [
                [
                    0.24898042859485514,
                    -0.1767636818962649,
                    0.9522411655658619,
                    -1.715781255354634
                ],
                [
                    0.968339251419154,
                    0.027051063435488132,
                    -0.24816808044516364,
                    2.6386076572863195
                ],
                [
                    0.01810796448942481,
                    0.9838814474708958,
                    0.1779023802036862,
                    -0.030296994326028726
                ],
                [
                    0.0,
                    0.0,
                    0.0,
                    1.0
                ]
            ]
        },
        {
            "file_path": "./images/frame_00035.jpg",
            "depth_file_path": "./depth/frame_00035.png",
            "transform_matrix": [
                [
                    0.09158661847174498,
                    -0.19249152536651898,
                    0.9770152603909835,
                    -1.9974537888333597
                ],
                [
                    0.9956061129383643,
                    -0.001515005417951798,
                    -0.09362783959032989,
                    2.5595899266302307
                ],
                [
                    0.01950275028879711,
                    0.9812973590638325,
                    0.1915069816349922,
                    -0.018010014255536055
                ],
                [
                    0.0,
                    0.0,
                    0.0,
                    1.0
                ]
            ]
        },
        {
            "file_path": "./images/frame_00036.jpg",
            "depth_file_path": "./depth/frame_00036.png",
            "transform_matrix": [
                [
                    0.03058170838895194,
                    -0.19678458959279801,
                    0.9799695962255522,
                    -2.2787302619243794
                ],
                [
                    0.9993240752402189,
                    -0.013989457102199898,
                    -0.03399488499001785,
                    2.508688476617047
                ],
                [
                    0.020398911195241783,
                    0.9803468364067351,
                    0.1962237514847189,
                    -0.03586529715740061
                ],
                [
                    0.0,
                    0.0,
                    0.0,
                    1.0
                ]
            ]
        },
        {
            "file_path": "./images/frame_00037.jpg",
            "depth_file_path": "./depth/frame_00037.png",
            "transform_matrix": [
                [
                    -0.035419322085743304,
                    -0.1964218962662982,
                    0.9798794871834668,
                    -2.6230439892899207
                ],
                [
                    0.9991542967597661,
                    -0.027450482562383582,
                    0.030613436579624675,
                    2.4741523976739206
                ],
                [
                    0.02088501477399317,
                    0.9801350646282562,
                    0.1972280605080592,
                    -0.047479298557132066
                ],
                [
                    0.0,
                    0.0,
                    0.0,
                    1.0
                ]
            ]
        },
        {
            "file_path": "./images/frame_00038.jpg",
            "depth_file_path": "./depth/frame_00038.png",
            "transform_matrix": [
                [
                    -0.045392300065566576,
                    -0.19955295700439635,
                    0.978835057743991,
                    -2.9334420106338657
                ],
                [
                    0.9987155117275442,
                    -0.03114735218612852,
                    0.039964296143990385,
                    2.4229578701526973
                ],
                [
                    0.02251312590652957,
                    0.9793917862446835,
                    0.20071048997230923,
                    -0.06055518800584159
                ],
                [
                    0.0,
                    0.0,
                    0.0,
                    1.0
                ]
            ]
        },
        {
            "file_path": "./images/frame_00039.jpg",
            "depth_file_path": "./depth/frame_00039.png",
            "transform_matrix": [
                [
                    -0.04232309904737458,
                    -0.21453438751887305,
                    0.9757989742790262,
                    -3.2934465564858075
                ],
                [
                    0.9988669511753444,
                    -0.03035837432751709,
                    0.036649177391448184,
                    2.4994914629407745
                ],
                [
                    0.021761159478519185,
                    0.9762444544625539,
                    0.21557615810226805,
                    -0.010818066952025251
                ],
                [
                    0.0,
                    0.0,
                    0.0,
                    1.0
                ]
            ]
        },
        {
            "file_path": "./images/frame_00040.jpg",
            "depth_file_path": "./depth/frame_00040.png",
            "transform_matrix": [
                [
                    -0.030729716064332918,
                    -0.2333206803959532,
                    0.9719141269208131,
                    -3.594494334447795
                ],
                [
                    0.9992369542425696,
                    -0.030624146734009594,
                    0.024241863440591316,
                    2.6324463844045223
                ],
                [
                    0.024107912896554062,
                    0.9719173913805526,
                    0.23408372041402944,
                    0.004428557654338583
                ],
                [
                    0.0,
                    0.0,
                    0.0,
                    1.0
                ]
            ]
        },
        {
            "file_path": "./images/frame_00041.jpg",
            "depth_file_path": "./depth/frame_00041.png",
            "transform_matrix": [
                [
                    0.1789611785865453,
                    -0.2292323386966645,
                    0.9567785920037712,
                    -3.85626687296383
                ],
                [
                    0.9835066333995028,
                    0.01576351003977794,
                    -0.1801838086779889,
                    2.757527240828516
                ],
                [
                    0.026221767700199794,
                    0.9732439780439102,
                    0.22827258000784906,
                    0.03384771259026931
                ],
                [
                    0.0,
                    0.0,
                    0.0,
                    1.0
                ]
            ]
        },
        {
            "file_path": "./images/frame_00042.jpg",
            "depth_file_path": "./depth/frame_00042.png",
            "transform_matrix": [
                [
                    0.3758113780350706,
                    -0.2182785982082137,
                    0.9006220618817746,
                    -3.9500871354427822
                ],
                [
                    0.9263109704922788,
                    0.06046547099486799,
                    -0.3718761961854552,
                    2.8469086324926693
                ],
                [
                    0.02671606867416565,
                    0.9740113779865857,
                    0.22491747360008407,
                    0.04561663796477894
                ],
                [
                    0.0,
                    0.0,
                    0.0,
                    1.0
                ]
            ]
        },
        {
            "file_path": "./images/frame_00043.jpg",
            "depth_file_path": "./depth/frame_00043.png",
            "transform_matrix": [
                [
                    0.5454626804051822,
                    -0.1947557940346444,
                    0.81519356244224,
                    -4.01116883872356
                ],
                [
                    0.8376998690240991,
                    0.09534243274546994,
                    -0.5377441067910005,
                    2.891992519924954
                ],
                [
                    0.027006257635625974,
                    0.9762068580202229,
                    0.21515264456591288,
                    0.05434492405816782
                ],
                [
                    0.0,
                    0.0,
                    0.0,
                    1.0
                ]
            ]
        },
        {
            "file_path": "./images/frame_00044.jpg",
            "depth_file_path": "./depth/frame_00044.png",
            "transform_matrix": [
                [
                    0.6554247448951181,
                    -0.1746750271742467,
                    0.7347835869227796,
                    -4.048667844182541
                ],
                [
                    0.7548220488026741,
                    0.11835445554560797,
                    -0.6451634541589508,
