{
  "camera_model": "OPENCV",
  "orientation_override": "none",
  "frames": [
    {
      "fl_x": 807.0709403743891,
      "fl_y": 807.0709403743891,
      "cx": 367.573974609375,
      "cy": 504.7681884765625,
      "h": 994,
      "w": 738,
      "file_path": "./images/frame_00001.jpg",
      "depth_file_path": "./depth/frame_00001.png",
      "transform_matrix": [
        [
          0.09743546694517136,
          0.11159626394510269,
          0.9889653921127319,
          -0.12520849704742432
        ],
        [
          0.9950625896453857,
          -0.029783092439174652,
          -0.09467540681362152,
          -0.014318798668682575
        ],
        [
          0.01888902671635151,
          0.9933072328567505,
          -0.11394719779491425,
          0.03434089943766594
        ],
        [
          0.0,
          0.0,
          0.0,
          1.0
        ]
      ]
    },
    {
      "fl_x": 807.1355786740141,
      "fl_y": 807.1355786740141,
      "cx": 367.6125183105469,
      "cy": 504.7342529296875,
      "h": 994,
      "w": 738,
      "file_path": "./images/frame_00002.jpg",
      "depth_file_path": "./depth/frame_00002.png",
      "transform_matrix": [
        [
          -0.0731678381562233,
          -0.1677788496017456,
          0.9831056594848633,
          -0.2800111770629883
        ],
        [
          0.9971336722373962,
          -0.031341541558504105,
          0.06886306405067444,
          -0.29432380199432373
        ],
        [
          0.019258279353380203,
          0.98532634973526,
          0.16959112882614136,
          -0.05349449813365936
        ],
        [
          0.0,
          0.0,
          0.0,
          1.0
        ]
      ]
    },
    {
      "fl_x": 807.1164130214341,
      "fl_y": 807.1164130214341,
      "cx": 367.4830017089844,
      "cy": 504.74102783203125,
      "h": 994,
      "w": 738,
      "file_path": "./images/frame_00003.jpg",
      "depth_file_path": "./depth/frame_00003.png",
      "transform_matrix": [
        [
          -0.08935276418924332,
          -0.16918355226516724,
          0.9815258383750916,
          -0.5063236951828003
        ],
        [
          0.9958232641220093,
          -0.03374156728386879,
          0.08483836054801941,
          -0.48932650685310364
        ],
        [
          0.01876496523618698,
          0.9850068092346191,
          0.1714918166399002,
          0.001826966879889369
        ],
        [
          0.0,
          0.0,
          0.0,
          1.0
        ]
      ]
    },
    {
      "fl_x": 806.8195895548839,
      "fl_y": 806.8195895548839,
      "cx": 367.5614929199219,
      "cy": 504.6539306640625,
      "h": 994,
      "w": 738,
      "file_path": "./images/frame_00004.jpg",
      "depth_file_path": "./depth/frame_00004.png",
      "transform_matrix": [
        [
          -0.07531344145536423,
          -0.1693413406610489,
          0.9826756119728088,
          -0.6700195074081421
        ],
        [
          0.9969626069068909,
          -0.03239072859287262,
          0.07082661986351013,
          -0.6604152917861938
        ],
        [
          0.019835704937577248,
          0.9850250482559204,
          0.17126645147800446,
          0.07406306266784668
        ],
        [
          0.0,
          0.0,
          0.0,
          1.0
        ]
      ]
    },
    {
      "fl_x": 807.3916903881093,
      "fl_y": 807.3916903881093,
      "cx": 367.2230224609375,
      "cy": 504.57403564453125,
      "h": 994,
      "w": 738,
      "file_path": "./images/frame_00005.jpg",
      "depth_file_path": "./depth/frame_00005.png",
      "transform_matrix": [
        [
          0.12952281534671783,
          -0.17636995017528534,
          0.97576504945755,
          -0.8810443878173828
        ],
        [
          0.9914112091064453,
          0.00506943603977561,
          -0.13068337738513947,
          -0.8042364120483398
        ],
        [
          0.018102040514349937,
          0.9843109250068665,
          0.17551174759864807,
          0.1345665007829666
        ],
        [
          0.0,
          0.0,
          0.0,
          1.0
        ]
      ]
    },
    {
      "fl_x": 807.1355786740141,
      "fl_y": 807.1355786740141,
      "cx": 367.5377197265625,
      "cy": 504.5711669921875,
      "h": 994,
      "w": 738,
      "file_path": "./images/frame_00006.jpg",
      "depth_file_path": "./depth/frame_00006.png",
      "transform_matrix": [
        [
          0.3435942232608795,
          -0.16294904053211212,
          0.9248732924461365,
          -1.1057745218276978
        ],
        [
          0.9388834238052368,
          0.03758230432868004,
          -0.3421775996685028,
          -0.8215485215187073
        ],
        [
          0.020998641848564148,
          0.9859184622764587,
          0.1659032106399536,
          0.103338822722435
        ],
        [
          0.0,
          0.0,
          0.0,
          1.0
        ]
      ]
    },
    {
      "fl_x": 807.1690270103641,
      "fl_y": 807.1690270103641,
      "cx": 367.5895080566406,
      "cy": 504.58984375,
      "h": 994,
      "w": 738,
      "file_path": "./images/frame_00007.jpg",
      "depth_file_path": "./depth/frame_00007.png",
      "transform_matrix": [
        [
          0.5077297687530518,
          -0.14940567314624786,
          0.8484624028205872,
          -1.2963719367980957
        ],
        [
          0.8612613081932068,
          0.06406290084123611,
          -0.5041080117225647,
          -0.8771584033966064
        ],
        [
          0.02096162736415863,
          0.9866985082626343,
          0.16120396554470062,
          0.09180708974599838
        ],
        [
          0.0,
          0.0,
          0.0,
          1.0
        ]
      ]
    },
    {
      "fl_x": 807.1427810530092,
      "fl_y": 807.1427810530092,
      "cx": 367.4459228515625,
      "cy": 504.71331787109375,
      "h": 994,
      "w": 738,
      "file_path": "./images/frame_00008.jpg",
      "depth_file_path": "./depth/frame_00008.png",
      "transform_matrix": [
        [
          0.6457675695419312,
          -0.134240984916687,
          0.7516406178474426,
          -1.4083737134933472
        ],
        [
          0.7632331252098083,
          0.08585537225008011,
          -0.6403936743736267,
          -0.8938447833061218
        ],
        [
          0.02143469639122486,
          0.9872224926948547,
          0.15789978206157684,
          0.1093776673078537
        ],
        [
          0.0,
          0.0,
          0.0,
          1.0
        ]
      ]
    },
    {
      "fl_x": 807.1355786740141,
      "fl_y": 807.1355786740141,
      "cx": 367.3743896484375,
      "cy": 504.5206298828125,
      "h": 994,
      "w": 738,
      "file_path": "./images/frame_00009.jpg",
      "depth_file_path": "./depth/frame_00009.png",
      "transform_matrix": [
        [
          0.7717936635017395,
          -0.11455710977315903,
          0.6254687309265137,
          -1.5609724521636963
        ],
        [
          0.6355721354484558,
          0.10872211307287216,
          -0.7643477916717529,
          -0.8630110621452332
        ],
        [
          0.019559189677238464,
          0.9874493479728699,
          0.1567203402519226,
          0.09123073518276215
        ],
        [
          0.0,
          0.0,
          0.0,
          1.0
        ]
      ]
    },
    {
      "fl_x": 807.1667076001792,
      "fl_y": 807.1667076001792,
      "cx": 367.3651123046875,
      "cy": 504.6806640625,
      "h": 994,
      "w": 738,
      "file_path": "./images/frame_00010.jpg",
      "depth_file_path": "./depth/frame_00010.png",
      "transform_matrix": [
        [
          0.8648759722709656,
          -0.09220562875270844,
          0.4934447109699249,
          -1.7254905700683594
        ],
        [
          0.501717746257782,
          0.12666890025138855,
          -0.8557068705558777,
          -0.7506408095359802
        ],
        [
          0.016396893188357353,
          0.9876502752304077,
          0.15581409633159637,
          0.09842970222234726
        ],
        [
          0.0,
          0.0,
          0.0,
          1.0
        ]
      ]
    },
    {
      "fl_x": 807.1236764375392,
      "fl_y": 807.1236764375392,
      "cx": 367.47454833984375,
      "cy": 504.605224609375,
      "h": 994,
      "w": 738,
      "file_path": "./images/frame_00011.jpg",
      "depth_file_path": "./depth/frame_00011.png",
      "transform_matrix": [
        [
          0.9346386194229126,
          -0.0697777047753334,
          0.34868574142456055,
          -1.8099091053009033
        ],
        [
          0.35517820715904236,
          0.13549360632896423,
          -0.9249269962310791,
          -0.7162984609603882
        ],
        [
          0.017294591292738914,
          0.9883180260658264,
          0.15142107009887695,
          0.10050083696842194
        ],
        [
          0.0,
          0.0,
          0.0,
          1.0
        ]
      ]
    },
    {
      "fl_x": 807.1595662582943,
      "fl_y": 807.1595662582943,
      "cx": 367.62969970703125,
      "cy": 504.6787109375,
      "h": 994,
      "w": 738,
      "file_path": "./images/frame_00012.jpg",
      "depth_file_path": "./depth/frame_00012.png",
      "transform_matrix": [
        [
          0.9891961216926575,
          -0.037149738520383835,
          0.14181312918663025,
          -1.9504112005233765
        ],
        [
          0.1457594782114029,
          0.1459031105041504,
          -0.9785021543502808,
          -0.6733633279800415
        ],
        [
          0.015660123899579048,
          0.9886011481285095,
          0.14974170923233032,
          0.1283458024263382
        ],
        [
          0.0,
          0.0,
          0.0,
          1.0
        ]
      ]
    },
    {
      "fl_x": 807.1236764375392,
      "fl_y": 807.1236764375392,
      "cx": 367.48321533203125,
      "cy": 504.5552978515625,
      "h": 994,
      "w": 738,
      "file_path": "./images/frame_00013.jpg",
      "depth_file_path": "./depth/frame_00013.png",
      "transform_matrix": [
        [
          0.9987646341323853,
          -0.005659045185893774,
          -0.049367308616638184,
          -2.113398313522339
        ],
        [
          -0.04793832078576088,
          0.15177254378795624,
          -0.9872522354125977,
          -0.5230481624603271
        ],
        [
          0.013079507276415825,
          0.9883992671966553,
          0.15131376683712006,
          0.14138707518577576
        ],
        [
          0.0,
          0.0,
          0.0,
          1.0
        ]
      ]
    },
    {
      "fl_x": 807.1068912322542,
      "fl_y": 807.1068912322542,
      "cx": 367.38299560546875,
      "cy": 504.560302734375,
      "h": 994,
      "w": 738,
      "file_path": "./images/frame_00014.jpg",
      "depth_file_path": "./depth/frame_00014.png",
      "transform_matrix": [
        [
          0.9762092232704163,
          0.021783532574772835,
          -0.21573379635810852,
          -2.197636604309082
        ],
        [
          -0.2165783792734146,
          0.14595280587673187,
          -0.9652935266494751,
          -0.25654104351997375
        ],
        [
          0.010459449142217636,
          0.9890516996383667,
          0.14719831943511963,
          0.1415538340806961
        ],
        [
          0.0,
          0.0,
          0.0,
          1.0
        ]
      ]
    },
    {
      "fl_x": 807.1187934687291,
      "fl_y": 807.1187934687291,
      "cx": 367.512939453125,
      "cy": 504.4932861328125,
      "h": 994,
      "w": 738,
      "file_path": "./images/frame_00015.jpg",
      "depth_file_path": "./depth/frame_00015.png",
      "transform_matrix": [
        [
          0.930962085723877,
          0.04844168201088905,
          -0.36188817024230957,
          -2.245673894882202
        ],
        [
          -0.365068256855011,
          0.13951429724693298,
          -0.9204677939414978,
          -0.14592896401882172
        ],
        [
          0.00589956808835268,
          0.9890344738960266,
          0.1475670486688614,
          0.11519543826580048
        ],
        [
          0.0,
          0.0,
          0.0,
          1.0
        ]
      ]
    },
    {
      "fl_x": 807.1332592638294,
      "fl_y": 807.1332592638294,
      "cx": 367.4497375488281,
      "cy": 504.68231201171875,
      "h": 994,
      "w": 738,
      "file_path": "./images/frame_00016.jpg",
      "depth_file_path": "./depth/frame_00016.png",
      "transform_matrix": [
        [
          0.8255431652069092,
          0.08119406551122665,
          -0.5584675669670105,
          -2.263338088989258
        ],
        [
          -0.5643086433410645,
          0.1290341466665268,
          -0.8154176473617554,
          -0.050894446671009064
        ],
        [
          0.00585430720821023,
          0.9883105158805847,
          0.15234176814556122,
          0.11842097342014313
        ],
        [
          0.0,
          0.0,
          0.0,
          1.0
        ]
      ]
    },
    {
      "fl_x": 807.1332592638294,
      "fl_y": 807.1332592638294,
      "cx": 367.4075622558594,
      "cy": 504.7239990234375,
      "h": 994,
      "w": 738,
      "file_path": "./images/frame_00017.jpg",
      "depth_file_path": "./depth/frame_00017.png",
      "transform_matrix": [
        [
          0.7054506540298462,
          0.10746310651302338,
          -0.7005648016929626,
          -2.21760892868042
        ],
        [
          -0.7087589502334595,
          0.10755650699138641,
          -0.6972032785415649,
          0.0584365613758564
        ],
        [
          0.0004266786854714155,
          0.9883740544319153,
          0.1520412415266037,
          0.1385272890329361
        ],
        [
          0.0,
          0.0,
          0.0,
          1.0
        ]
      ]
    },
    {
      "fl_x": 806.7717364605439,
      "fl_y": 806.7717364605439,
      "cx": 367.5477600097656,
      "cy": 504.570068359375,
      "h": 994,
      "w": 738,
      "file_path": "./images/frame_00018.jpg",
      "depth_file_path": "./depth/frame_00018.png",
      "transform_matrix": [
        [
          0.5668457746505737,
          0.12620580196380615,
          -0.8140994906425476,
          -2.1738686561584473
        ],
        [
          -0.8238226175308228,
          0.08506195992231369,
          -0.5604290962219238,
          0.16367579996585846
        ],
        [
          -0.0014805035898461938,
          0.9883504509925842,
          0.15218819677829742,
          0.1533667892217636
        ],
        [
          0.0,
          0.0,
          0.0,
          1.0
        ]
      ]
    },
    {
      "fl_x": 807.0973084059642,
      "fl_y": 807.0973084059642,
      "cx": 367.55352783203125,
      "cy": 504.4140625,
      "h": 994,
      "w": 738,
      "file_path": "./images/frame_00019.jpg",
      "depth_file_path": "./depth/frame_00019.png",
      "transform_matrix": [
        [
          0.39453914761543274,
          0.14214877784252167,
          -0.9078174829483032,
          -2.1788158416748047
        ],
        [
          -0.9188656806945801,
          0.055685240775346756,
          -0.3906213343143463,
          0.28532645106315613
        ],
        [
          -0.004974307958036661,
          0.9882777333259583,
          0.15258564054965973,
          0.1202353835105896
        ],
        [
          0.0,
          0.0,
          0.0,
          1.0
        ]
      ]
    },
    {
      "fl_x": 807.3270520884843,
      "fl_y": 807.3270520884843,
      "cx": 367.3878479003906,
      "cy": 504.60491943359375,
      "h": 994,
      "w": 738,
      "file_path": "./images/frame_00020.jpg",
      "depth_file_path": "./depth/frame_00020.png",
      "transform_matrix": [
        [
          0.18622122704982758,
          0.1533859819173813,
          -0.9704608917236328,
          -2.1936612129211426
        ],
        [
          -0.9824456572532654,
          0.01795843616127968,
          -0.18568255007266998,
          0.3285213112831116
        ],
        [
          -0.011053141206502914,
          0.988003134727478,
          0.15403763949871063,
          0.12027108669281006
        ],
        [
          0.0,
          0.0,
          0.0,
          1.0
        ]
      ]
    },
    {
      "fl_x": 807.0565966535091,
      "fl_y": 807.0565966535091,
      "cx": 367.4564514160156,
      "cy": 504.523681640625,
      "h": 994,
      "w": 738,
      "file_path": "./images/frame_00021.jpg",
      "depth_file_path": "./depth/frame_00021.png",
      "transform_matrix": [
        [
          0.03392563387751579,
          0.15499044954776764,
          -0.9873332977294922,
          -2.240726947784424
        ],
        [
          -0.9993807673454285,
          -0.003964810632169247,
          -0.03496198728680611,
          0.2525157034397125
        ],
        [
          -0.009333363734185696,
          0.9879080057144165,
          0.1547599732875824,
          0.10861211270093918
        ],
        [
          0.0,
          0.0,
          0.0,
          1.0
        ]
      ]
    },
    {
      "fl_x": 807.0709403743891,
      "fl_y": 807.0709403743891,
      "cx": 367.5045471191406,
      "cy": 504.56719970703125,
      "h": 994,
      "w": 738,
      "file_path": "./images/frame_00022.jpg",
      "depth_file_path": "./depth/frame_00022.png",
      "transform_matrix": [
        [
          0.02258937619626522,
          0.15293467044830322,
          -0.9879781007766724,
          -2.2539563179016113
        ],
        [
          -0.9997016191482544,
          -0.005735442042350769,
          -0.02374524623155594,
          0.22189660370349884
        ],
        [
          -0.009297962300479412,
          0.988219678401947,
          0.15275946259498596,
          0.10703248530626297
        ],
        [
          0.0,
          0.0,
          0.0,
          1.0
        ]
      ]
    },
    {
      "fl_x": 806.788582702939,
      "fl_y": 806.788582702939,
      "cx": 367.7449951171875,
      "cy": 504.62957763671875,
      "h": 994,
      "w": 738,
      "file_path": "./images/frame_00023.jpg",
      "depth_file_path": "./depth/frame_00023.png",
      "transform_matrix": [
        [
          -0.06752658635377884,
          0.08325124531984329,
          -0.9942380785942078,
          -2.3127193450927734
        ],
        [
          -0.9977116584777832,
          -0.00903805997222662,
          0.0670057162642479,
          -0.11283622682094574
        ],
        [
          -0.0034076739102602005,
          0.9964876174926758,
          0.08367104828357697,
          0.030645247548818588
        ],
        [
          0.0,
          0.0,
          0.0,
          1.0
        ]
      ]
    },
    {
      "fl_x": 806.795724044824,
      "fl_y": 806.795724044824,
      "cx": 367.48065185546875,
      "cy": 504.62567138671875,
      "h": 994,
      "w": 738,
      "file_path": "./images/frame_00024.jpg",
      "depth_file_path": "./depth/frame_00024.png",
      "transform_matrix": [
        [
          -0.32264983654022217,
          0.08073215931653976,
          -0.9430691599845886,
          -2.3047056198120117
        ],
        [
          -0.9464812278747559,
          -0.03635222092270851,
          0.32070523500442505,
          -0.23497742414474487
        ],
        [
          -0.008391430601477623,
          0.9960727095603943,
          0.08814051002264023,
          -0.0011522513814270496
        ],
        [
          0.0,
          0.0,
          0.0,
          1.0
        ]
      ]
    },
    {
      "fl_x": 807.147541947599,
      "fl_y": 807.147541947599,
      "cx": 367.737060546875,
      "cy": 504.59478759765625,
      "h": 994,
      "w": 738,
      "file_path": "./images/frame_00025.jpg",
      "depth_file_path": "./depth/frame_00025.png",
      "transform_matrix": [
        [
          -0.4901655912399292,
          0.0782720223069191,
          -0.868107795715332,
          -2.0859827995300293
        ],
        [
          -0.8716169595718384,
          -0.049325183033943176,
          0.48769959807395935,
          -0.5221944451332092
        ],
        [
          -0.004646340385079384,
          0.995711088180542,
          0.09240072965621948,
          -0.02376054786145687
        ],
        [
          0.0,
          0.0,
          0.0,
          1.0
        ]
      ]
    },
    {
      "fl_x": 807.3174692621942,
      "fl_y": 807.3174692621942,
      "cx": 367.56561279296875,
      "cy": 504.53564453125,
      "h": 994,
      "w": 738,
      "file_path": "./images/frame_00026.jpg",
      "depth_file_path": "./depth/frame_00026.png",
      "transform_matrix": [
        [
          -0.5705142021179199,
          0.0700639933347702,
          -0.8182936906814575,
          -1.7558401823043823
        ],
        [
          -0.8212806582450867,
          -0.05279591307044029,
          0.5680762529373169,
          -0.6694359183311462
        ],
        [
          -0.0034008738584816456,
          0.9961443543434143,
          0.08766301721334457,
          0.002232302213087678
        ],
        [
          0.0,
          0.0,
          0.0,
          1.0
        ]
      ]
    },
    {
      "fl_x": 807.6621458230844,
      "fl_y": 807.6621458230844,
      "cx": 367.5682678222656,
      "cy": 504.572509765625,
      "h": 994,
      "w": 738,
      "file_path": "./images/frame_00027.jpg",
      "depth_file_path": "./depth/frame_00027.png",
      "transform_matrix": [
        [
          -0.4854384958744049,
          0.04855211079120636,
          -0.8729216456413269,
          -1.467325210571289
        ],
        [
          -0.8742707371711731,
          -0.026512501761317253,
          0.4847141206264496,
          -0.8700584769248962
        ],
        [
          0.0003905566409230232,
          0.9984686970710754,
          0.05531787872314453,
          -0.0182032510638237
        ],
        [
          0.0,
          0.0,
          0.0,
          1.0
        ]
      ]
    },
    {
      "fl_x": 808.0260490736649,
      "fl_y": 808.0260490736649,
      "cx": 367.7553405761719,
      "cy": 504.6669921875,
      "h": 994,
      "w": 738,
      "file_path": "./images/frame_00028.jpg",
      "depth_file_path": "./depth/frame_00028.png",
      "transform_matrix": [
        [
          -0.36377742886543274,
          0.05967017635703087,
          -0.9295727610588074,
          -1.1800365447998047
        ],
        [
          -0.9314823150634766,
          -0.020529091358184814,
          0.3632069230079651,
          -0.9759584665298462
        ],
        [
          0.002589337294921279,
          0.9980069994926453,
          0.06304973363876343,
          -0.07546644657850266
        ],
        [
          0.0,
          0.0,
          0.0,
          1.0
        ]
      ]
    },
    {
      "fl_x": 807.9924176259846,
      "fl_y": 807.9924176259846,
      "cx": 367.6338195800781,
      "cy": 504.8765869140625,
      "h": 994,
      "w": 738,
      "file_path": "./images/frame_00029.jpg",
      "depth_file_path": "./depth/frame_00029.png",
      "transform_matrix": [
        [
          -0.30973348021507263,
          0.07799399644136429,
          -0.9476191997528076,
          -1.059096336364746
        ],
        [
          -0.9508179426193237,
          -0.022027501836419106,
          0.3089660406112671,
          -1.0202535390853882
        ],
        [
          0.0032238126732409,
          0.996710479259491,
          0.08098074793815613,
          -0.06258342415094376
        ],
        [
          0.0,
          0.0,
          0.0,
          1.0
        ]
      ]
    },
    {
      "fl_x": 807.9709325632198,
      "fl_y": 807.9709325632198,
      "cx": 367.6557312011719,
      "cy": 504.58978271484375,
      "h": 994,
      "w": 738,
      "file_path": "./images/frame_00030.jpg",
      "depth_file_path": "./depth/frame_00030.png",
      "transform_matrix": [
        [
          -0.12764006853103638,
          0.09541378170251846,
          -0.9872204661369324,
          -0.783804714679718
        ],
        [
          -0.9917952418327332,
          -0.005164281465113163,
          0.12773242592811584,
          -1.0759379863739014
        ],
        [
          0.007089149206876755,
          0.9954243302345276,
          0.09529010206460953,
          -0.056895337998867035
        ],
        [
          0.0,
          0.0,
          0.0,
          1.0
        ]
      ]
    },
    {
      "fl_x": 807.6694092391896,
      "fl_y": 807.6694092391896,
      "cx": 367.6818542480469,
      "cy": 504.555419921875,
      "h": 994,
      "w": 738,
      "file_path": "./images/frame_00031.jpg",
      "depth_file_path": "./depth/frame_00031.png",
      "transform_matrix": [
        [
          0.09252170473337173,
          0.12906500697135925,
          -0.9873104691505432,
          -0.592405378818512
        ],
        [
          -0.995664119720459,
          0.021576961502432823,
          -0.09048391133546829,
          -1.0668200254440308
        ],
        [
          0.009624851867556572,
          0.9914013743400574,
          0.13050174713134766,
          -0.07549328356981277
        ],
        [
          0.0,
          0.0,
          0.0,
          1.0
        ]
      ]
    },
    {
      "fl_x": 807.6598264128996,
      "fl_y": 807.6598264128996,
      "cx": 367.6282043457031,
      "cy": 504.60125732421875,
      "h": 994,
      "w": 738,
      "file_path": "./images/frame_00032.jpg",
      "depth_file_path": "./depth/frame_00032.png",
      "transform_matrix": [
        [
          0.2678341865539551,
          0.15128093957901,
          -0.9515140056610107,
          -0.3132219612598419
        ],
        [
          -0.9633727669715881,
          0.05571550130844116,
          -0.2623140513896942,
          -0.9316890835762024
        ],
        [
          0.013330965302884579,
          0.9869194030761719,
          0.1606624573469162,
          -0.05257604271173477
        ],
        [
          0.0,
          0.0,
          0.0,
          1.0
        ]
      ]
    },
    {
      "fl_x": 807.6454216549096,
      "fl_y": 807.6454216549096,
      "cx": 367.4855041503906,
      "cy": 504.572998046875,
      "h": 994,
      "w": 738,
      "file_path": "./images/frame_00033.jpg",
      "depth_file_path": "./depth/frame_00033.png",
      "transform_matrix": [
        [
          0.5118494629859924,
          0.13393168151378632,
          -0.8485708236694336,
          -0.055298153311014175
        ],
        [
          -0.8589181900024414,
          0.09866535663604736,
          -0.502518355846405,
          -0.778940737247467
        ],
        [
          0.016421422362327576,
          0.9860666394233704,
          0.16553816199302673,
          -0.058111388236284256
        ],
        [
          0.0,
          0.0,
          0.0,
          1.0
        ]
      ]
    },
    {
      "fl_x": 807.6525629967945,
      "fl_y": 807.6525629967945,
      "cx": 367.7242431640625,
      "cy": 504.5228271484375,
      "h": 994,
      "w": 738,
      "file_path": "./images/frame_00034.jpg",
      "depth_file_path": "./depth/frame_00034.png",
      "transform_matrix": [
        [
          0.7040878534317017,
          0.11045420914888382,
          -0.7014700174331665,
          0.05274403095245361
        ],
        [
          -0.7098696231842041,
          0.13533532619476318,
          -0.6912087202072144,
          -0.6393274664878845
        ],
        [
          0.018586765974760056,
          0.984623908996582,
          0.17369605600833893,
          -0.07668869197368622
        ],
        [
          0.0,
          0.0,
          0.0,
          1.0
        ]
      ]
    },
    {
      "fl_x": 807.5616787398145,
      "fl_y": 807.5616787398145,
      "cx": 367.71405029296875,
      "cy": 504.6597900390625,
      "h": 994,
      "w": 738,
      "file_path": "./images/frame_00035.jpg",
      "depth_file_path": "./depth/frame_00035.png",
      "transform_matrix": [
        [
          0.808639645576477,
          0.09435203671455383,
          -0.5806888937950134,
          0.1293524205684662
        ],
        [
          -0.5879456400871277,
          0.16406889259815216,
          -0.792086660861969,
          -0.3635084927082062
        ],
        [
          0.02053799293935299,
          0.9819262027740479,
          0.18814648687839508,
          -0.06076416000723839
        ],
        [
          0.0,
          0.0,
          0.0,
          1.0
        ]
      ]
    },
    {
      "fl_x": 807.3318740201843,
      "fl_y": 807.3318740201843,
      "cx": 367.4412536621094,
      "cy": 504.461181640625,
      "h": 994,
      "w": 738,
      "file_path": "./images/frame_00036.jpg",
      "depth_file_path": "./depth/frame_00036.png",
      "transform_matrix": [
        [
          0.8432760834693909,
          0.08534630388021469,
          -0.5306612849235535,
          0.22992339730262756
        ],
        [
          -0.5370516777038574,
          0.17323458194732666,
          -0.8255696892738342,
          -0.09725764393806458
        ],
        [
          0.021469566971063614,
          0.9811757206916809,
          0.1919199526309967,
          -0.0798821821808815
        ],
        [
          0.0,
          0.0,
          0.0,
          1.0
        ]
      ]
    },
    {
      "fl_x": 807.0494553116242,
      "fl_y": 807.0494553116242,
      "cx": 367.5130920410156,
      "cy": 504.5595703125,
      "h": 994,
      "w": 738,
      "file_path": "./images/frame_00037.jpg",
      "depth_file_path": "./depth/frame_00037.png",
      "transform_matrix": [
        [
          0.8769491314888,
          0.0735611543059349,
          -0.47491997480392456,
          0.3766445815563202
        ],
        [
          -0.4800734221935272,
          0.1795947551727295,
          -0.858647346496582,
          0.21281611919403076
        ],
        [
          0.022130046039819717,
          0.980986475944519,
          0.19281022250652313,
          -0.09006053954362869
        ],
        [
          0.0,
          0.0,
          0.0,
          1.0
        ]
      ]
    },
    {
      "fl_x": 806.9991607328791,
      "fl_y": 806.9991607328791,
      "cx": 367.55169677734375,
      "cy": 504.6097412109375,
      "h": 994,
      "w": 738,
      "file_path": "./images/frame_00038.jpg",
      "depth_file_path": "./depth/frame_00038.png",
      "transform_matrix": [
        [
          0.8823578953742981,
          0.07292567938566208,
          -0.4648939073085785,
          0.49466246366500854
        ],
        [
          -0.4700365662574768,
          0.1839977204799652,
          -0.8632557392120361,
          0.5005569458007812
        ],
        [
          0.022585909813642502,
          0.980217695236206,
          0.1966295838356018,
          -0.09964480251073837
        ],
        [
          0.0,
          0.0,
          0.0,
          1.0
        ]
      ]
    },
    {
      "fl_x": 807.3868684564093,
      "fl_y": 807.3868684564093,
      "cx": 367.31658935546875,
      "cy": 504.68841552734375,
      "h": 994,
      "w": 738,
      "file_path": "./images/frame_00039.jpg",
      "depth_file_path": "./depth/frame_00039.png",
      "transform_matrix": [
        [
          0.8804396390914917,
          0.08176518976688385,
          -0.46705514192581177,
          0.7411702275276184
        ],
        [
          -0.4736313819885254,
          0.19808004796504974,
          -0.8581594228744507,
          0.7712500691413879
        ],
        [
          0.02234673872590065,
          0.9767695665359497,
          0.2131240963935852,
          -0.044687043875455856
        ],
        [
          0.0,
          0.0,
          0.0,
          1.0
        ]
      ]
    },
    {
      "fl_x": 807.6813114756645,
      "fl_y": 807.6813114756645,
      "cx": 367.46856689453125,
      "cy": 504.2784423828125,
      "h": 994,
      "w": 738,
      "file_path": "./images/frame_00040.jpg",
      "depth_file_path": "./depth/frame_00040.png",
      "transform_matrix": [
        [
          0.8750687837600708,
          0.08999641984701157,
          -0.4755578935146332,
          1.008156657218933
        ],
        [
          -0.4833841323852539,
          0.21200358867645264,
          -0.849349319934845,
          0.9573997259140015
        ],
        [
          0.02438157983124256,
          0.9731162190437317,
          0.22902055084705353,
          -0.0314960852265358
        ],
        [
          0.0,
          0.0,
          0.0,
          1.0
        ]
      ]
    },
    {
      "fl_x": 807.6573849284945,
      "fl_y": 807.6573849284945,
      "cx": 367.4776916503906,
      "cy": 504.6116943359375,
      "h": 994,
      "w": 738,
      "file_path": "./images/frame_00041.jpg",
      "depth_file_path": "./depth/frame_00041.png",
      "transform_matrix": [
        [
          0.7540369033813477,
          0.1283433884382248,
          -0.6441709995269775,
          1.2476084232330322
        ],
        [
          -0.6563282012939453,
          0.18563008308410645,
          -0.7312829494476318,
          1.1187655925750732
        ],
        [
          0.025722183287143707,
          0.9742019772529602,
          0.2242073267698288,
          0.000689694716129452
        ],
        [
          0.0,
          0.0,
          0.0,
          1.0
        ]
      ]
    },
    {
      "fl_x": 808.6651076167003,
      "fl_y": 808.6651076167003,
      "cx": 367.40692138671875,
      "cy": 504.4290771484375,
      "h": 994,
      "w": 738,
      "file_path": "./images/frame_00042.jpg",
      "depth_file_path": "./depth/frame_00042.png",
      "transform_matrix": [
        [
          0.6056063175201416,
          0.16047218441963196,
          -0.7794162631034851,
          1.3715267181396484
        ],
        [
          -0.7953701615333557,
          0.15289174020290375,
          -0.5865240097045898,
          1.1497457027435303
        ],
        [
          0.025045525282621384,
          0.9751270413398743,
          0.22022698819637299,
          0.012780635617673397
        ],
        [
          0.0,
          0.0,
          0.0,
          1.0
        ]
      ]
    },
    {
      "fl_x": 808.9690113880253,
      "fl_y": 808.9690113880253,
      "cx": 367.4881591796875,
      "cy": 504.4530029296875,
      "h": 994,
      "w": 738,
      "file_path": "./images/frame_00043.jpg",
      "depth_file_path": "./depth/frame_00043.png",
      "transform_matrix": [
        [
          0.44256657361984253,
          0.17971135675907135,
          -0.878543496131897,
          1.4408451318740845
        ],
        [
          -0.8964102864265442,
          0.11505063623189926,
          -0.42803266644477844,
          1.1795270442962646
        ],
        [
          0.024154653772711754,
          0.9769683480262756,
          0.2120126634836197,
          0.023699989542365074
        ],
        [
          0.0,
          0.0,
          0.0,
          1.0
        ]
      ]
    },
    {
      "fl_x": 809.2347059284104,
      "fl_y": 809.2347059284104,
      "cx": 367.603759765625,
      "cy": 504.43212890625,
      "h": 994,
      "w": 738,
      "file_path": "./images/frame_00044.jpg",
      "depth_file_path": "./depth/frame_00044.png",
      "transform_matrix": [
        [
          0.31474271416664124,
          0.18958622217178345,
          -0.9300506114959717,
          1.4690033197402954
        ],
        [
          -0.948915421962738,
          0.08585198223590851,
          -0.30362632870674133,
          1.2067975997924805
        ],
        [
          0.022283313795924187,
          0.978103518486023,
          0.20692257583141327,
          0.017892656847834587
        ],
        [
          0.0,
          0.0,
          0.0,
          1.0
        ]
      ]
    },
    {
      "fl_x": 809.2970248178506,
      "fl_y": 809.2970248178506,
      "cx": 367.6890563964844,
      "cy": 504.363525390625,
      "h": 994,
      "w": 738,
      "file_path": "./images/frame_00045.jpg",
      "depth_file_path": "./depth/frame_00045.png",
      "transform_matrix": [
        [
          0.20194728672504425,
          0.19571520388126373,
          -0.9596420526504517,
          1.4846503734588623
        ],
        [
          -0.9791548848152161,
          0.06210298463702202,
          -0.1933879256248474,
          1.235673427581787
        ],
        [
          0.021747680380940437,
          0.9786924123764038,
          0.20417702198028564,
          0.010854549705982208
        ],
        [
          0.0,
          0.0,
          0.0,
          1.0
        ]
      ]
    },
    {
      "fl_x": 809.2922028861506,
      "fl_y": 809.2922028861506,
      "cx": 367.6782531738281,
      "cy": 504.40301513671875,
      "h": 994,
      "w": 738,
      "file_path": "./images/frame_00046.jpg",
      "depth_file_path": "./depth/frame_00046.png",
      "transform_matrix": [
        [
          0.04108721762895584,
          0.20038744807243347,
          -0.978854775428772,
          1.4980285167694092
        ],
        [
          -0.9989868402481079,
          0.02624194510281086,
          -0.03656010329723358,
          1.28412663936615
        ],
        [
          0.018360868096351624,
          0.9793652296066284,
          0.20126262307167053,
          0.005472549237310886
        ],
        [
          0.0,
          0.0,
          0.0,
          1.0
        ]
      ]
    },
    {
      "fl_x": 809.5315293949606,
      "fl_y": 809.5315293949606,
      "cx": 367.6108093261719,
      "cy": 504.504638671875,
      "h": 994,
      "w": 738,
      "file_path": "./images/frame_00047.jpg",
      "depth_file_path": "./depth/frame_00047.png",
      "transform_matrix": [
        [
          -0.18760865926742554,
          0.2002464085817337,
          -0.9616155028343201,
          1.4869996309280396
        ],
        [
          -0.9821457266807556,
          -0.02440502867102623,
          0.1865319460630417,
          1.342646837234497
        ],
        [
          0.013884101063013077,
          0.9794415831565857,
          0.20124974846839905,
          0.008131079375743866
        ],
        [
          0.0,
          0.0,
          0.0,
          1.0
        ]
      ]
    },
    {
      "fl_x": 809.6321185524507,
      "fl_y": 809.6321185524507,
      "cx": 367.3496398925781,
      "cy": 504.467529296875,
      "h": 994,
      "w": 738,
      "file_path": "./images/frame_00048.jpg",
      "depth_file_path": "./depth/frame_00048.png",
      "transform_matrix": [
        [
          -0.32005226612091064,
          0.18836475908756256,
          -0.9284854531288147,
          1.4538230895996094
        ],
        [
          -0.9473364949226379,
          -0.05229170247912407,
          0.3159416913986206,
          1.351623296737671
        ],
        [
          0.010960196144878864,
          0.9807060360908508,
          0.19518087804317474,
          0.0018993078265339136
        ],
        [
          0.0,
          0.0,
          0.0,
          1.0
        ]
      ]
    },
    {
      "fl_x": 808.9571091515504,
      "fl_y": 808.9571091515504,
      "cx": 367.4232482910156,
      "cy": 504.06634521484375,
      "h": 994,
      "w": 738,
      "file_path": "./images/frame_00049.jpg",
      "depth_file_path": "./depth/frame_00049.png",
      "transform_matrix": [
        [
          -0.5825638175010681,
          0.4063471257686615,
          -0.7039186358451843,
          1.1313955783843994
        ],
        [
          -0.812700092792511,
          -0.27870431542396545,
          0.5117053985595703,
          1.342480182647705
        ],
        [
          0.01174488477408886,
          0.8701757788658142,
          0.4926013946533203,
