{
  "camera_angle_x": 0.8689265847206116,
  "camera_angle_y": 1.1171985864639282,
  "fl_x": 795.2000122070312,
  "fl_y": 795.2000122070312,
  "cx": 369.0,
  "cy": 497.0,
  "w": 738,
  "h": 994,
  "aabb_scale": 16,
  "frames": [
    {
      "file_path": "./train/frame_00010.jpg",
      "transform_matrix": [
        [
          0.14412209578644203,
          0.0,
          -0.9895599130452505,
          5.551115123125783e-17
        ],
        [
          -0.4425446466755922,
          0.8944271909999159,
          -0.06445336064764408,
          -1.3877787807814457e-17
        ],
        [
          0.8850892933511844,
          0.4472135954999579,
          0.12890672129528816,
          -3.3541019662496847
        ],
        [
          0.0,
          0.0,
          0.0,
          1.0
        ]
      ]
    },
    {
      "file_path": "./train/frame_00043.jpg",
      "transform_matrix": [
        [
          0.6248349837751063,
          0.0,
          -0.7807568399000824,
          2.220446049250313e-16
        ],
        [
          -0.34916507358290083,
          0.894427190999916,
          -0.27943469968822315,
          -1.1102230246251565e-16
        ],
        [
          0.6983301471658017,
          0.4472135954999579,
          0.5588693993764463,
          -3.3541019662496847
        ],
        [
          0.0,
          0.0,
          0.0,
          1.0
        ]
      ]
    },
    {
      "file_path": "./train/frame_00034.jpg",
      "transform_matrix": [
        [
          0.5057873401461251,
          0.0,
          -0.8626581979833658,
          2.220446049250313e-16
        ],
        [
          -0.38579247440765563,
          0.894427190999916,
          -0.22619497494510887,
          -1.6653345369377348e-16
        ],
        [
          0.7715849488153111,
          0.447213595499958,
          0.4523899498902177,
          -3.3541019662496847
        ],
        [
          0.0,
          0.0,
          0.0,
          1.0
        ]
      ]
    },
    {
      "file_path": "./train/frame_00313.jpg",
      "transform_matrix": [
        [
          -0.9549504245226881,
          0.0,
          -0.2967653731551877,
          0.0
        ],
        [
          -0.1327175095486182,
          0.8944271909999159,
          0.4270668128750026,
          0.0
        ],
        [
          0.2654350190972364,
          0.447213595499958,
          -0.8541336257500051,
          -3.3541019662496847
        ],
        [
          0.0,
          0.0,
          0.0,
          1.0
        ]
      ]
    },
    {
      "file_path": "./train/frame_00371.jpg",
      "transform_matrix": [
        [
          -0.33109149800313425,
          0.0,
          -0.9435986540632837,
          -2.220446049250313e-16
        ],
        [
          -0.4219901467925621,
          0.8944271909999157,
          0.14806861926144882,
          5.551115123125783e-17
        ],
        [
          0.8439802935851242,
          0.4472135954999579,
          -0.29613723852289764,
          -3.3541019662496843
        ],
        [
          0.0,
          0.0,
          0.0,
          1.0
        ]
      ]
    },
    {
      "file_path": "./train/frame_00374.jpg",
      "transform_matrix": [
        [
          -0.28523489714866185,
          0.0,
          -0.9584576430122472,
          0.0
        ],
        [
          -0.4286352886659222,
          0.8944271909999159,
          0.12756092391591375,
          4.163336342344337e-17
        ],
        [
          0.8572705773318444,
          0.4472135954999579,
          -0.2551218478318275,
          -3.3541019662496847
        ],
        [
          0.0,
          0.0,
          0.0,
          1.0
        ]
      ]
    },
    {
      "file_path": "./train/frame_00056.jpg",
      "transform_matrix": [
        [
          0.7731697165005619,
          0.0,
          -0.6341991717800022,
          0.0
        ],
        [
          -0.28362249187483024,
          0.894427190999916,
          -0.34577200884789944,
          -3.3306690738754696e-16
        ],
        [
          0.5672449837496605,
          0.4472135954999579,
          0.6915440176957989,
          -3.3541019662496847
        ],
        [
          0.0,
          0.0,
          0.0,
          1.0
        ]
      ]
    },
    {
      "file_path": "./train/frame_00321.jpg",
      "transform_matrix": [
        [
          -0.9090241592038114,
          0.0,
          -0.41674341984463764,
          2.220446049250313e-16
        ],
        [
          -0.18637332318966895,
          0.8944271909999161,
          0.4065279626338627,
          -2.220446049250313e-16
        ],
        [
          0.37274664637933785,
          0.447213595499958,
          -0.8130559252677253,
          -3.3541019662496843
        ],
        [
          0.0,
          0.0,
          0.0,
          1.0
        ]
      ]
    },
    {
      "file_path": "./train/frame_00247.jpg",
      "transform_matrix": [
        [
          -0.7253282796660054,
          0.0,
          0.6884031425819852,
          0.0
        ],
        [
          0.3078632445475598,
          0.894427190999916,
          0.32437666786723335,
          -2.220446049250313e-16
        ],
        [
          -0.6157264890951196,
          0.447213595499958,
          -0.6487533357344666,
          -3.3541019662496847
        ],
        [
          0.0,
          0.0,
          0.0,
          1.0
        ]
      ]
    },
    {
      "file_path": "./train/frame_00114.jpg",
      "transform_matrix": [
        [
          0.9701226979098035,
          -0.0,
          0.24261482024023986,
          -1.1102230246251565e-16
        ],
        [
          0.10850064608121364,
          0.8944271909999157,
          -0.4338520598083628,
          2.220446049250313e-16
        ],
        [
          -0.21700129216242728,
          0.4472135954999579,
          0.8677041196167256,
          -3.3541019662496847
        ],
        [
          0.0,
          0.0,
          0.0,
          1.0
        ]
      ]
    },
    {
      "file_path": "./train/frame_00267.jpg",
      "transform_matrix": [
        [
          -0.9056464183057155,
          0.0,
          0.42403368381536505,
          2.220446049250313e-16
        ],
        [
          0.18963362835216171,
          0.8944271909999157,
          0.40501739098215794,
          2.220446049250313e-16
        ],
        [
          -0.37926725670432343,
          0.4472135954999579,
          -0.8100347819643159,
          -3.3541019662496843
        ],
        [
          0.0,
          0.0,
          0.0,
          1.0
        ]
      ]
    },
    {
      "file_path": "./train/frame_00154.jpg",
      "transform_matrix": [
        [
          0.6310879443260526,
          -0.0,
          0.77571129070442,
          -2.220446049250313e-16
        ],
        [
          0.34690863538583677,
          0.894427190999916,
          -0.2822311086587313,
          -1.1102230246251565e-16
        ],
        [
          -0.6938172707716734,
          0.4472135954999579,
          0.5644622173174625,
          -3.3541019662496847
        ],
        [
          0.0,
          0.0,
          0.0,
          1.0
        ]
      ]
    },
    {
      "file_path": "./train/frame_00077.jpg",
      "transform_matrix": [
        [
          0.9395398576694084,
          0.0,
          -0.3424395652528307,
          0.0
        ],
        [
          -0.15314362921816088,
          0.8944271909999159,
          -0.42017499786385487,
          0.0
        ],
        [
          0.30628725843632176,
          0.4472135954999579,
          0.8403499957277097,
          -3.3541019662496847
        ],
        [
          0.0,
          0.0,
          0.0,
          1.0
        ]
      ]
    },
    {
      "file_path": "./train/frame_00203.jpg",
      "transform_matrix": [
        [
          -0.10426210123713185,
          0.0,
          0.9945498550830009,
          -5.551115123125783e-17
        ],
        [
          0.444776216595631,
          0.8944271909999157,
          0.04662742916863835,
          3.5388358909926865e-16
        ],
        [
          -0.8895524331912619,
          0.447213595499958,
          -0.09325485833727669,
          -3.3541019662496847
        ],
        [
          0.0,
          0.0,
          0.0,
          1.0
        ]
      ]
    },
    {
      "file_path": "./train/frame_00327.jpg",
      "transform_matrix": [
        [
          -0.8646831720631302,
          0.0,
          -0.5023176404933868,
          2.220446049250313e-16
        ],
        [
          -0.22464327808810278,
          0.8944271909999159,
          0.3866980703466612,
          -2.220446049250313e-16
        ],
        [
          0.4492865561762055,
          0.4472135954999579,
          -0.7733961406933223,
          -3.3541019662496843
        ],
        [
          0.0,
          0.0,
          0.0,
          1.0
        ]
      ]
    },
    {
      "file_path": "./train/frame_00273.jpg",
      "transform_matrix": [
        [
          -0.9422609221188204,
          0.0,
          0.3348796121709864,
          -1.1102230246251565e-16
        ],
        [
          0.1497627154186183,
          0.8944271909999159,
          0.4213918948798635,
          0.0
        ],
        [
          -0.2995254308372366,
          0.4472135954999579,
          -0.842783789759727,
          -3.3541019662496843
        ],
        [
          0.0,
          0.0,
          0.0,
          1.0
        ]
      ]
    },
    {
      "file_path": "./train/frame_00094.jpg",
      "transform_matrix": [
        [
          0.997088260123793,
          0.0,
          -0.07625615728127905,
          0.0
        ],
        [
          -0.0341027902767711,
          0.8944271909999159,
          -0.4459114258407588,
          0.0
        ],
        [
          0.0682055805535422,
          0.4472135954999579,
          0.8918228516815176,
          -3.3541019662496847
        ],
        [
          0.0,
          0.0,
          0.0,
          1.0
        ]
      ]
    },
    {
      "file_path": "./train/frame_00016.jpg",
      "transform_matrix": [
        [
          0.23871551952565373,
          0.0,
          -0.9710895431100045,
          -1.1102230246251565e-16
        ],
        [
          -0.4342844461266365,
          0.8944271909999159,
          -0.10675682578870802,
          -8.326672684688674e-17
        ],
        [
          0.8685688922532729,
          0.4472135954999579,
          0.213513651577416,
          -3.3541019662496847
        ],
        [
          0.0,
          0.0,
          0.0,
          1.0
        ]
      ]
    },
    {
      "file_path": "./train/frame_00125.jpg",
      "transform_matrix": [
        [
          0.912343216154414,
          -0.0,
          0.4094262521346426,
          0.0
        ],
        [
          0.18310098630920585,
          0.8944271909999157,
          -0.4080122900264108,
          2.220446049250313e-16
        ],
        [
          -0.3662019726184117,
          0.4472135954999579,
          0.8160245800528216,
          -3.3541019662496847
        ],
        [
          0.0,
          0.0,
          0.0,
          1.0
        ]
      ]
    },
    {
      "file_path": "./train/frame_00233.jpg",
      "transform_matrix": [
        [
          -0.5534807770735662,
          0.0,
          0.8328619509919044,
          0.0
        ],
        [
          0.3724671876581993,
          0.894427190999916,
          0.24752412835518023,
          -3.3306690738754696e-16
        ],
        [
          -0.7449343753163986,
          0.4472135954999579,
          -0.49504825671036046,
          -3.3541019662496843
        ],
        [
          0.0,
          0.0,
          0.0,
          1.0
        ]
      ]
    },
    {
      "file_path": "./train/frame_00001.jpg",
      "transform_matrix": [
        [
          -0.0,
          0.0,
          -1.0,
          0.0
        ],
        [
          -0.4472135954999579,
          0.8944271909999159,
          0.0,
          0.0
        ],
        [
          0.8944271909999159,
          0.4472135954999579,
          -0.0,
          -3.3541019662496847
        ],
        [
          0.0,
          0.0,
          0.0,
          1.0
        ]
      ]
    },
    {
      "file_path": "./train/frame_00195.jpg",
      "transform_matrix": [
        [
          0.024101957360926945,
          -0.0,
          0.9997095056321972,
          0.0
        ],
        [
          0.44708368246926034,
          0.894427190999916,
          -0.010778723009966816,
          -1.8030282128433939e-16
        ],
        [
          -0.8941673649385207,
          0.4472135954999579,
          0.021557446019933632,
          -3.3541019662496847
        ],
        [
          0.0,
          0.0,
          0.0,
          1.0
        ]
      ]
    },
    {
      "file_path": "./train/frame_00369.jpg",
      "transform_matrix": [
        [
          -0.36124166618715386,
          0.0,
          -0.9324722294043554,
          0.0
        ],
        [
          -0.4170142584157834,
          0.8944271909999157,
          0.16155218437995267,
          1.6653345369377348e-16
        ],
        [
          0.8340285168315668,
          0.4472135954999579,
          -0.32310436875990534,
          -3.3541019662496847
        ],
        [
          0.0,
          0.0,
          0.0,
          1.0
        ]
      ]
    },
    {
      "file_path": "./train/frame_00182.jpg",
      "transform_matrix": [
        [
          0.2309054229610624,
          -0.0,
          0.9729761999387102,
          1.1102230246251565e-16
        ],
        [
          0.43512818471047654,
          0.894427190999916,
          -0.10326404442285525,
          -1.942890293094024e-16
        ],
        [
          -0.8702563694209531,
          0.4472135954999579,
          0.2065280888457105,
          -3.3541019662496847
        ],
        [
          0.0,
          0.0,
          0.0,
          1.0
        ]
      ]
    },
    {
      "file_path": "./train/frame_00079.jpg",
      "transform_matrix": [
        [
          0.950058454761533,
          0.0,
          -0.3120719989619832,
          -1.1102230246251565e-16
        ],
        [
          -0.13956284071064765,
          0.894427190999916,
          -0.42487905748903937,
          -2.220446049250313e-16
        ],
        [
          0.2791256814212953,
          0.447213595499958,
          0.8497581149780787,
          -3.3541019662496847
        ],
        [
          0.0,
          0.0,
          0.0,
          1.0
        ]
      ]
    },
    {
      "file_path": "./train/frame_00132.jpg",
      "transform_matrix": [
        [
          0.8606193011733468,
          -0.0,
          0.5092488767271856,
          0.0
        ],
        [
          0.2277430211654795,
          0.894427190999916,
          -0.3848806520343936,
          -1.1102230246251565e-16
        ],
        [
          -0.455486042330959,
          0.4472135954999579,
          0.7697613040687872,
          -3.3541019662496847
        ],
        [
          0.0,
          0.0,
          0.0,
          1.0
        ]
      ]
    },
    {
      "file_path": "./train/frame_00127.jpg",
      "transform_matrix": [
        [
          0.8987157606698234,
          -0.0,
          0.43853161975353694,
          -2.220446049250313e-16
        ],
        [
          0.19611730241039962,
          0.8944271909999159,
          -0.4019179066616314,
          0.0
        ],
        [
          -0.39223460482079925,
          0.4472135954999579,
          0.8038358133232628,
          -3.3541019662496847
        ],
        [
          0.0,
          0.0,
          0.0,
          1.0
        ]
      ]
    },
    {
      "file_path": "./train/frame_00272.jpg",
      "transform_matrix": [
        [
          -0.9367581392680454,
          0.0,
          0.3499774114354656,
          1.1102230246251565e-16
        ],
        [
          0.15651465651182267,
          0.8944271909999159,
          0.4189309755759129,
          0.0
        ],
        [
          -0.31302931302364534,
          0.4472135954999579,
          -0.8378619511518258,
          -3.3541019662496847
        ],
        [
          0.0,
          0.0,
          0.0,
          1.0
        ]
      ]
    },
    {
      "file_path": "./train/frame_00246.jpg",
      "transform_matrix": [
        [
          -0.714172793792291,
          0.0,
          0.6999694426236862,
          0.0
        ],
        [
          0.31303585117584026,
          0.894427190999916,
          0.31938778292010056,
          0.0
        ],
        [
          -0.6260717023516804,
          0.447213595499958,
          -0.638775565840201,
          -3.3541019662496847
        ],
        [
          0.0,
          0.0,
          0.0,
          1.0
        ]
      ]
    },
    {
      "file_path": "./train/frame_00332.jpg",
      "transform_matrix": [
        [
          -0.8215769627476981,
          0.0,
          -0.5700976182043452,
          2.220446049250313e-16
        ],
        [
          -0.2549554056231275,
          0.8944271909999157,
          0.36742038749033307,
          2.220446049250313e-16
        ],
        [
          0.509910811246255,
          0.4472135954999579,
          -0.7348407749806661,
          -3.3541019662496847
        ],
        [
          0.0,
          0.0,
          0.0,
          1.0
        ]
      ]
    },
    {
      "file_path": "./train/frame_00380.jpg",
      "transform_matrix": [
        [
          -0.19164145836913607,
          0.0,
          -0.9814650026537629,
          0.0
        ],
        [
          -0.43892449269416506,
          0.894427190999916,
          0.08570466564411684,
          -2.42861286636753e-16
        ],
        [
          0.8778489853883301,
          0.4472135954999579,
          -0.17140933128823369,
          -3.3541019662496847
        ],
        [
          0.0,
          0.0,
          0.0,
          1.0
        ]
      ]
    },
    {
      "file_path": "./train/frame_00047.jpg",
      "transform_matrix": [
        [
          0.6736956436465572,
          0.0,
          -0.7390089172206592,
          -2.220446049250313e-16
        ],
        [
          -0.3304948349767818,
          0.894427190999916,
          -0.30128585106783523,
          -1.1102230246251565e-16
        ],
        [
          0.6609896699535636,
          0.4472135954999579,
          0.6025717021356705,
          -3.3541019662496847
        ],
        [
          0.0,
          0.0,
          0.0,
          1.0
        ]
      ]
    },
    {
      "file_path": "./train/frame_00224.jpg",
      "transform_matrix": [
        [
          -0.42766857975539774,
          0.0,
          0.9039356093715974,
          0.0
        ],
        [
          0.4042522939675176,
          0.894427190999916,
          0.19125920323477197,
          -1.1102230246251565e-16
        ],
        [
          -0.8085045879350351,
          0.447213595499958,
          -0.3825184064695439,
          -3.3541019662496847
        ],
        [
          0.0,
          0.0,
          0.0,
          1.0
        ]
      ]
    },
    {
      "file_path": "./train/frame_00073.jpg",
      "transform_matrix": [
        [
          0.9156033748888915,
          0.0,
          -0.40208265306037744,
          0.0
        ],
        [
          -0.17981682896329357,
          0.8944271909999157,
          -0.4094702773359571,
          2.220446049250313e-16
        ],
        [
          0.35963365792658714,
          0.4472135954999579,
          0.8189405546719142,
          -3.3541019662496847
        ],
        [
          0.0,
          0.0,
          0.0,
          1.0
        ]
      ]
    },
    {
      "file_path": "./train/frame_00283.jpg",
      "transform_matrix": [
        [
          -0.9837033574206645,
          0.0,
          0.1797990672926654,
          -1.1102230246251565e-16
        ],
        [
          0.08040858735149178,
          0.894427190999916,
          0.4399255153774756,
          0.0
        ],
        [
          -0.16081717470298357,
          0.4472135954999579,
          -0.8798510307549512,
          -3.3541019662496847
        ],
        [
          0.0,
          0.0,
          0.0,
          1.0
        ]
      ]
    },
    {
      "file_path": "./train/frame_00078.jpg",
      "transform_matrix": [
        [
          0.9449211569522997,
          0.0,
          -0.32729804023844566,
          0.0
        ],
        [
          -0.1463721333751252,
          0.8944271909999157,
          -0.42258158806461804,
          2.220446049250313e-16
        ],
        [
          0.2927442667502504,
          0.4472135954999579,
          0.8451631761292361,
          -3.3541019662496847
        ],
        [
          0.0,
          0.0,
          0.0,
          1.0
        ]
      ]
    },
    {
      "file_path": "./train/frame_00364.jpg",
      "transform_matrix": [
        [
          -0.4349176062217195,
          0.0,
          -0.9004702525893731,
          0.0
        ],
        [
          -0.40270253930124883,
          0.894427190999916,
          0.19450106642465004,
          -5.551115123125783e-17
        ],
        [
          0.8054050786024978,
          0.4472135954999579,
          -0.38900213284930013,
          -3.354101966249685
        ],
        [
          0.0,
          0.0,
          0.0,
          1.0
        ]
      ]
    },
    {
      "file_path": "./train/frame_00026.jpg",
      "transform_matrix": [
        [
          0.39101873315292757,
          0.0,
          -0.9203827194833026,
          0.0
        ],
        [
          -0.41160766521615694,
          0.894427190999916,
          -0.17486889356115934,
          -1.6653345369377348e-16
        ],
        [
          0.8232153304323139,
          0.4472135954999579,
          0.3497377871223187,
          -3.3541019662496847
        ],
        [
          0.0,
          0.0,
          0.0,
          1.0
        ]
      ]
    },
    {
      "file_path": "./train/frame_00109.jpg",
      "transform_matrix": [
        [
          0.986465511166394,
          -0.0,
          0.16396888509477955,
          5.551115123125783e-17
        ],
        [
          0.07332911465335583,
          0.894427190999916,
          -0.44116078808542697,
          0.0
        ],
        [
          -0.14665822930671166,
          0.4472135954999579,
          0.8823215761708539,
          -3.3541019662496847
        ],
        [
          0.0,
          0.0,
          0.0,
          1.0
        ]
      ]
    },
    {
      "file_path": "./train/frame_00166.jpg",
      "transform_matrix": [
        [
          0.4707322879287277,
          -0.0,
          0.8822760979995918,
          2.220446049250313e-16
        ],
        [
          0.3945658660100707,
          0.8944271909999159,
          -0.21051787900252775,
          -1.1102230246251565e-16
        ],
        [
          -0.7891317320201414,
          0.4472135954999579,
          0.4210357580050555,
          -3.3541019662496847
        ],
        [
          0.0,
          0.0,
          0.0,
          1.0
        ]
      ]
    },
    {
      "file_path": "./train/frame_00141.jpg",
      "transform_matrix": [
        [
          0.7782403454433477,
          -0.0,
          0.6279665315319111,
          -2.220446049250313e-16
        ],
        [
          0.28083517042002365,
          0.8944271909999157,
          -0.34803966304884887,
          1.1102230246251565e-16
        ],
        [
          -0.5616703408400473,
          0.4472135954999579,
          0.6960793260976977,
          -3.3541019662496847
        ],
        [
          0.0,
          0.0,
          0.0,
          1.0
        ]
      ]
    },
    {
      "file_path": "./train/frame_00322.jpg",
      "transform_matrix": [
        [
          -0.9022102115172251,
          0.0,
          -0.4312965734086511,
          0.0
        ],
        [
          -0.1928816913208944,
          0.894427190999916,
          0.4034806725893958,
          -2.220446049250313e-16
        ],
        [
          0.3857633826417888,
          0.4472135954999579,
          -0.8069613451787916,
          -3.3541019662496847
        ],
        [
          0.0,
          0.0,
          0.0,
          1.0
        ]
      ]
    },
    {
      "file_path": "./train/frame_00091.jpg",
      "transform_matrix": [
        [
          0.9922550568210039,
          0.0,
          -0.12421715748295988,
          5.551115123125783e-17
        ],
        [
          -0.055551601620738994,
          0.8944271909999159,
          -0.44374995161393627,
          2.220446049250313e-16
        ],
        [
          0.11110320324147796,
          0.447213595499958,
          0.8874999032278723,
          -3.354101966249684
        ],
        [
          0.0,
          0.0,
          0.0,
          1.0
        ]
      ]
    },
    {
      "file_path": "./train/frame_00353.jpg",
      "transform_matrix": [
        [
          -0.5864844418388345,
          0.0,
          -0.8099604925433036,
          -2.220446049250313e-16
        ],
        [
          -0.3622253440832076,
          0.894427190999916,
          0.2622838159395311,
          -2.220446049250313e-16
        ],
        [
          0.7244506881664152,
          0.44721359549995787,
          -0.5245676318790622,
          -3.3541019662496847
        ],
        [
          0.0,
          0.0,
          0.0,
          1.0
        ]
      ]
    },
    {
      "file_path": "./train/frame_00302.jpg",
      "transform_matrix": [
        [
          -0.9922550568210039,
          0.0,
          -0.12421715748295939,
          -5.551115123125783e-17
        ],
        [
          -0.05555160162073877,
          0.8944271909999157,
          0.4437499516139362,
          2.220446049250313e-16
        ],
        [
          0.11110320324147753,
          0.4472135954999579,
          -0.8874999032278723,
          -3.3541019662496843
        ],
        [
          0.0,
          0.0,
          0.0,
          1.0
        ]
      ]
    },
    {
      "file_path": "./train/frame_00040.jpg",
      "transform_matrix": [
        [
          0.5864844418388337,
          0.0,
          -0.8099604925433039,
          -2.220446049250313e-16
        ],
        [
          -0.36222534408320783,
          0.8944271909999157,
          -0.2622838159395308,
          2.220446049250313e-16
        ],
        [
          0.7244506881664157,
          0.4472135954999579,
          0.5245676318790616,
          -3.3541019662496847
        ],
        [
          0.0,
          0.0,
          0.0,
          1.0
        ]
      ]
    },
    {
      "file_path": "./train/frame_00057.jpg",
      "transform_matrix": [
        [
          0.7832607334600744,
          0.0,
          -0.6216933515967388,
          2.220446049250313e-16
        ],
        [
          -0.27802971906599705,
          0.8944271909999159,
          -0.3502848488246141,
          0.0
        ],
        [
          0.5560594381319941,
          0.4472135954999579,
          0.7005696976492282,
          -3.3541019662496847
        ],
        [
          0.0,
          0.0,
          0.0,
          1.0
        ]
      ]
    },
    {
      "file_path": "./train/frame_00259.jpg",
      "transform_matrix": [
        [
          -0.8438109041175531,
          0.0,
          0.5366406228495172,
          -2.220446049250313e-16
        ],
        [
          0.23999298243586947,
          0.894427190999916,
          0.3773637083524812,
          -1.1102230246251565e-16
        ],
        [
          -0.47998596487173895,
          0.4472135954999579,
          -0.7547274167049624,
          -3.3541019662496847
        ],
        [
          0.0,
          0.0,
          0.0,
          1.0
        ]
      ]
    },
    {
      "file_path": "./train/frame_00149.jpg",
      "transform_matrix": [
        [
          0.6913115002686618,
          -0.0,
          0.7225568556150388,
          0.0
        ],
        [
          0.32313724935274546,
          0.894427190999916,
          -0.3091639016456184,
          -2.220446049250313e-16
        ],
        [
          -0.6462744987054909,
          0.4472135954999579,
          0.6183278032912368,
          -3.3541019662496847
        ],
        [
          0.0,
          0.0,
          0.0,
          1.0
        ]
      ]
    },
    {
      "file_path": "./train/frame_00119.jpg",
      "transform_matrix": [
        [
          0.9475203904328474,
          -0.0,
          0.3196953388993723,
          -2.220446049250313e-16
        ],
        [
          0.14297210197376584,
          0.894427190999916,
          -0.4237440006149976,
          -2.220446049250313e-16
        ],
        [
          -0.28594420394753167,
          0.4472135954999579,
          0.8474880012299952,
          -3.3541019662496847
        ],
        [
          0.0,
          0.0,
          0.0,
          1.0
        ]
      ]
    },
    {
      "file_path": "./train/frame_00117.jpg",
      "transform_matrix": [
        [
          0.9573040141438623,
          -0.0,
          0.2890830754368851,
          1.1102230246251565e-16
        ],
        [
          0.12928188156431497,
          0.894427190999916,
          -0.4281193701518193,
          -2.220446049250313e-16
        ],
        [
          -0.25856376312862994,
          0.4472135954999579,
          0.8562387403036386,
          -3.3541019662496847
        ],
        [
          0.0,
          0.0,
          0.0,
          1.0
        ]
      ]
    },
    {
      "file_path": "./train/frame_00295.jpg",
      "transform_matrix": [
        [
          -0.9999273737707647,
          0.0,
          -0.012051853961172388,
          0.0
        ],
        [
          -0.005389752942416314,
          0.8944271909999159,
          0.447181116062854,
          -2.220446049250313e-16
        ],
        [
          0.010779505884832627,
          0.4472135954999579,
          -0.894362232125708,
          -3.3541019662496843
        ],
        [
          0.0,
          0.0,
          0.0,
          1.0
        ]
      ]
    },
    {
      "file_path": "./train/frame_00058.jpg",
      "transform_matrix": [
        [
          0.7931494935732707,
          0.0,
          -0.609026995168904,
          -2.220446049250313e-16
        ],
        [
          -0.2723651522660211,
          0.8944271909999159,
          -0.35470723678987315,
          -1.1102230246251565e-16
        ],
        [
          0.5447303045320422,
          0.4472135954999579,
          0.7094144735797463,
          -3.3541019662496847
        ],
        [
          0.0,
          0.0,
          0.0,
          1.0
        ]
      ]
    },
    {
      "file_path": "./train/frame_00023.jpg",
      "transform_matrix": [
        [
          0.34621128215420155,
          0.0,
          -0.9381565690806327,
          1.1102230246251565e-16
        ],
        [
          -0.41955637240045446,
          0.894427190999916,
          -0.15483039229483092,
          -2.7755575615628914e-17
        ],
        [
          0.8391127448009088,
          0.447213595499958,
          0.3096607845896618,
          -3.3541019662496847
        ],
        [
          0.0,
          0.0,
          0.0,
          1.0
        ]
      ]
    },
    {
      "file_path": "./train/frame_00032.jpg",
      "transform_matrix": [
        [
          0.4778058971755151,
          0.0,
          -0.8784654373532866,
          2.220446049250313e-16
        ],
        [
          -0.39286168676120636,
          0.894427190999916,
          -0.2136812932269453,
          -2.7755575615628914e-16
        ],
        [
          0.7857233735224127,
          0.4472135954999579,
          0.4273625864538906,
          -3.3541019662496847
        ],
        [
          0.0,
          0.0,
          0.0,
          1.0
        ]
      ]
    },
    {
      "file_path": "./train/frame_00083.jpg",
      "transform_matrix": [
        [
          0.96814205195865,
          0.0,
          -0.25040161187439364,
          -1.1102230246251565e-16
        ],
        [
          -0.11198300516533254,
          0.8944271909999157,
          -0.43296628801113496,
          0.0
        ],
        [
          0.22396601033066513,
          0.4472135954999579,
          0.86593257602227,
          -3.3541019662496847
        ],
        [
          0.0,
          0.0,
          0.0,
          1.0
        ]
      ]
    },
    {
      "file_path": "./train/frame_00156.jpg",
      "transform_matrix": [
        [
          0.6058357046669899,
          -0.0,
          0.7955897805720307,
          0.0
        ],
        [
          0.3557985663126404,
          0.894427190999916,
          -0.2709379637663752,
          -1.6653345369377348e-16
        ],
        [
          -0.7115971326252808,
          0.4472135954999579,
          0.5418759275327504,
          -3.3541019662496847
        ],
        [
          0.0,
          0.0,
          0.0,
          1.0
        ]
      ]
    },
    {
      "file_path": "./train/frame_00305.jpg",
      "transform_matrix": [
        [
          -0.9851162324083932,
          0.0,
          -0.17188952453681616,
          0.0
        ],
        [
          -0.07687133229688779,
          0.894427190999916,
          0.4405573722807297,
          0.0
        ],
        [
          0.15374266459377559,
          0.4472135954999579,
          -0.8811147445614594,
          -3.3541019662496847
        ],
        [
          0.0,
          0.0,
          0.0,
          1.0
        ]
      ]
    },
    {
      "file_path": "./train/frame_00074.jpg",
      "transform_matrix": [
        [
          0.9219461596600114,
          0.0,
          -0.38731805882008263,
          -2.220446049250313e-16
        ],
        [
          -0.17321390168699335,
          0.894427190999916,
          -0.41230685691893193,
          -2.220446049250313e-16
        ],
        [
          0.3464278033739867,
          0.4472135954999579,
          0.8246137138378639,
          -3.3541019662496847
        ],
        [
          0.0,
          0.0,
          0.0,
          1.0
        ]
      ]
    },
    {
      "file_path": "./train/frame_00031.jpg",
      "transform_matrix": [
        [
          0.46362828957886876,
          0.0,
          -0.8860298014751946,
          0.0
        ],
        [
          -0.3962445732378357,
          0.894427190999916,
          -0.20734087435806156,
          -1.6653345369377348e-16
        ],
        [
          0.7924891464756714,
          0.4472135954999579,
          0.4146817487161231,
          -3.3541019662496847
        ],
        [
          0.0,
          0.0,
          0.0,
          1.0
        ]
      ]
    },
    {
      "file_path": "./train/frame_00181.jpg",
      "transform_matrix": [
        [
          0.24651020531279577,
          -0.0,
          0.9691401955737072,
          0.0
        ],
        [
          0.43341267140605,
          0.8944271909999161,
          -0.11024271524536823,
          -1.249000902703301e-16
        ],
        [
          -0.8668253428121,
          0.4472135954999579,
          0.22048543049073646,
          -3.3541019662496847
        ],
        [
          0.0,
          0.0,
          0.0,
          1.0
        ]
      ]
    },
    {
      "file_path": "./train/frame_00346.jpg",
      "transform_matrix": [
        [
          -0.6736956436465572,
          0.0,
          -0.7390089172206592,
          2.220446049250313e-16
        ],
        [
          -0.3304948349767818,
          0.894427190999916,
          0.30128585106783523,
          -1.1102230246251565e-16
        ],
        [
          0.6609896699535636,
          0.4472135954999579,
          -0.6025717021356705,
          -3.3541019662496847
        ],
        [
          0.0,
          0.0,
          0.0,
          1.0
        ]
      ]
    },
    {
      "file_path": "./train/frame_00232.jpg",
      "transform_matrix": [
        [
          -0.5400261938810755,
          0.0,
          0.8416482103125504,
          2.220446049250313e-16
        ],
        [
          0.37639652227998044,
          0.8944271909999159,
          0.24150705582971316,
          -5.551115123125783e-17
        ],
        [
          -0.7527930445599608,
          0.4472135954999579,
          -0.4830141116594263,
          -3.3541019662496843
        ],
        [
          0.0,
          0.0,
          0.0,
          1.0
        ]
      ]
    },
    {
      "file_path": "./train/frame_00275.jpg",
      "transform_matrix": [
        [
          -0.9525351860883293,
          0.0,
          0.30442851256686165,
          -1.1102230246251565e-16
        ],
        [
          0.13614456967773034,
          0.8944271909999159,
          0.4259866854107833,
          0.0
        ],
        [
          -0.2722891393554607,
          0.4472135954999579,
          -0.8519733708215665,
          -3.3541019662496847
        ],
        [
          0.0,
          0.0,
          0.0,
          1.0
        ]
      ]
    },
    {
      "file_path": "./train/frame_00173.jpg",
      "transform_matrix": [
        [
          0.36872211935252125,
          -0.0,
          0.929539670320845,
          0.0
        ],
        [
          0.4157027781240306,
          0.8944271909999157,
          -0.16489754473600565,
          5.551115123125783e-17
        ],
        [
          -0.8314055562480611,
          0.4472135954999579,
          0.32979508947201125,
          -3.3541019662496843
        ],
        [
          0.0,
          0.0,
          0.0,
          1.0
        ]
      ]
    },
    {
      "file_path": "./train/frame_00138.jpg",
      "transform_matrix": [
        [
          0.8075978307817765,
          -0.0,
          0.5897336209820236,
          2.220446049250313e-16
        ],
        [
          0.2637368930265802,
          0.8944271909999157,
          -0.36116872962188484,
          1.1102230246251565e-16
        ],
        [
          -0.5274737860531604,
          0.4472135954999579,
          0.7223374592437697,
          -3.3541019662496843
        ],
        [
          0.0,
          0.0,
          0.0,
          1.0
        ]
      ]
    },
    {
      "file_path": "./train/frame_00006.jpg",
      "transform_matrix": [
        [
          0.08026121548342088,
          0.0,
          -0.9967738646699781,
          0.0
        ],
        [
          -0.4457708239194494,
          0.8944271909999157,
          -0.035893906755537545,
          3.469446951953614e-17
        ],
        [
          0.8915416478388988,
          0.4472135954999579,
          0.07178781351107509,
          -3.3541019662496843
        ],
        [
          0.0,
          0.0,
          0.0,
          1.0
        ]
      ]
    },
    {
      "file_path": "./train/frame_00046.jpg",
      "transform_matrix": [
        [
          0.6617336482743795,
          0.0,
          -0.7497390070827847,
          0.0
        ],
        [
          -0.3352934770440606,
          0.894427190999916,
          -0.2959362841080898,
          -2.220446049250313e-16
        ],
        [
          0.6705869540881211,
          0.4472135954999579,
          0.5918725682161795,
          -3.3541019662496843
        ],
        [
          0.0,
          0.0,
          0.0,
          1.0
        ]
      ]
    },
    {
      "file_path": "./train/frame_00115.jpg",
      "transform_matrix": [
        [
          0.9660989055813339,
          -0.0,
          0.25817223831107167,
          -2.220446049250313e-16
        ],
        [
          0.11545813495336636,
          0.8944271909999159,
          -0.4320525651736028,
          0.0
        ],
        [
